nms_pre,min_bbox_size,score_thr,max_per_img,network,avg_time,precision,recall, F1;
100,0,0.1,10,rtmdet_x_8xb32-300e_coco.py,0.056780387193728715,0.7085755813953488,0.5102040816326531,0.5932461210830545;
100,0,0.1,10,rtmdet_l_8xb32-300e_coco.py,0.03548160049150575,0.7193605683836589,0.423861852433281,0.5334211392821864;
100,0,0.1,10,rtmdet_m_8xb32-300e_coco.py,0.022570745268864417,0.7316849816849816,0.4181057038199895,0.5321345321345322;
100,0,0.1,10,rtmdet_s_8xb32-300e_coco.py,0.018479851789252703,0.794383149448345,0.41444270015698587,0.5447042640990372;
100,0,0.1,10,rtmdet_tiny_8xb32-300e_coco.py,0.017753228545188904,0.7868613138686131,0.28205128205128205,0.41525423728813554;
100,0,0.1,25,rtmdet_x_8xb32-300e_coco.py,0.056237887986850386,0.7011019283746557,0.532705389848247,0.6054118346714243;
100,0,0.1,25,rtmdet_l_8xb32-300e_coco.py,0.03547647494190144,0.7129228100607112,0.4301412872841444,0.5365535248041775;
100,0,0.1,25,rtmdet_m_8xb32-300e_coco.py,0.022502483716651575,0.7191111111111111,0.42333856619570903,0.5329380764163373;
100,0,0.1,25,rtmdet_s_8xb32-300e_coco.py,0.018715288287909457,0.7927308447937131,0.42229199372056514,0.5510413110276544;
100,0,0.1,25,rtmdet_tiny_8xb32-300e_coco.py,0.01795518398284912,0.7851959361393324,0.28309785452642594,0.41615384615384615;
100,0,0.1,50,rtmdet_x_8xb32-300e_coco.py,0.05680593640813024,0.7011019283746557,0.532705389848247,0.6054118346714243;
100,0,0.1,50,rtmdet_l_8xb32-300e_coco.py,0.03593767274100825,0.7129228100607112,0.4301412872841444,0.5365535248041775;
100,0,0.1,50,rtmdet_m_8xb32-300e_coco.py,0.023188386390458293,0.7191111111111111,0.42333856619570903,0.5329380764163373;
100,0,0.1,50,rtmdet_s_8xb32-300e_coco.py,0.018821201583211735,0.7927308447937131,0.42229199372056514,0.5510413110276544;
100,0,0.1,50,rtmdet_tiny_8xb32-300e_coco.py,0.01797733562333243,0.7851959361393324,0.28309785452642594,0.41615384615384615;
100,0,0.3,10,rtmdet_x_8xb32-300e_coco.py,0.05646922562148545,0.7085755813953488,0.5102040816326531,0.5932461210830545;
100,0,0.3,10,rtmdet_l_8xb32-300e_coco.py,0.035590911361406435,0.7193605683836589,0.423861852433281,0.5334211392821864;
100,0,0.3,10,rtmdet_m_8xb32-300e_coco.py,0.02281125267939781,0.7316849816849816,0.4181057038199895,0.5321345321345322;
100,0,0.3,10,rtmdet_s_8xb32-300e_coco.py,0.018827740536179652,0.794383149448345,0.41444270015698587,0.5447042640990372;
100,0,0.3,10,rtmdet_tiny_8xb32-300e_coco.py,0.017860436013766696,0.7868613138686131,0.28205128205128205,0.41525423728813554;
100,0,0.3,25,rtmdet_x_8xb32-300e_coco.py,0.05659656210260077,0.7011019283746557,0.532705389848247,0.6054118346714243;
100,0,0.3,25,rtmdet_l_8xb32-300e_coco.py,0.03578496968971109,0.7129228100607112,0.4301412872841444,0.5365535248041775;
100,0,0.3,25,rtmdet_m_8xb32-300e_coco.py,0.02274813136058067,0.7191111111111111,0.42333856619570903,0.5329380764163373;
100,0,0.3,25,rtmdet_s_8xb32-300e_coco.py,0.01870547893435456,0.7927308447937131,0.42229199372056514,0.5510413110276544;
100,0,0.3,25,rtmdet_tiny_8xb32-300e_coco.py,0.01784732299191611,0.7851959361393324,0.28309785452642594,0.41615384615384615;
100,0,0.3,50,rtmdet_x_8xb32-300e_coco.py,0.056779462339240555,0.7011019283746557,0.532705389848247,0.6054118346714243;
100,0,0.3,50,rtmdet_l_8xb32-300e_coco.py,0.036647004901238206,0.7129228100607112,0.4301412872841444,0.5365535248041775;
100,0,0.3,50,rtmdet_m_8xb32-300e_coco.py,0.02338766784810308,0.7191111111111111,0.42333856619570903,0.5329380764163373;
100,0,0.3,50,rtmdet_s_8xb32-300e_coco.py,0.01892232248025347,0.7927308447937131,0.42229199372056514,0.5510413110276544;
100,0,0.3,50,rtmdet_tiny_8xb32-300e_coco.py,0.018000071602208272,0.7851959361393324,0.28309785452642594,0.41615384615384615;
100,0,0.5,10,rtmdet_x_8xb32-300e_coco.py,0.05748800480322087,0.7085755813953488,0.5102040816326531,0.5932461210830545;
100,0,0.5,10,rtmdet_l_8xb32-300e_coco.py,0.03609578024666264,0.7193605683836589,0.423861852433281,0.5334211392821864;
100,0,0.5,10,rtmdet_m_8xb32-300e_coco.py,0.023000160259986992,0.7316849816849816,0.4181057038199895,0.5321345321345322;
100,0,0.5,10,rtmdet_s_8xb32-300e_coco.py,0.018993020057678223,0.794383149448345,0.41444270015698587,0.5447042640990372;
100,0,0.5,10,rtmdet_tiny_8xb32-300e_coco.py,0.017967496599469866,0.7868613138686131,0.28205128205128205,0.41525423728813554;
100,0,0.5,25,rtmdet_x_8xb32-300e_coco.py,0.057524588518526966,0.7011019283746557,0.532705389848247,0.6054118346714243;
100,0,0.5,25,rtmdet_l_8xb32-300e_coco.py,0.036505353675698335,0.7129228100607112,0.4301412872841444,0.5365535248041775;
100,0,0.5,25,rtmdet_m_8xb32-300e_coco.py,0.02306371838299196,0.7191111111111111,0.42333856619570903,0.5329380764163373;
100,0,0.5,25,rtmdet_s_8xb32-300e_coco.py,0.018724367600078732,0.7927308447937131,0.42229199372056514,0.5510413110276544;
100,0,0.5,25,rtmdet_tiny_8xb32-300e_coco.py,0.01801857990877969,0.7851959361393324,0.28309785452642594,0.41615384615384615;
100,0,0.5,50,rtmdet_x_8xb32-300e_coco.py,0.05753950408963494,0.7011019283746557,0.532705389848247,0.6054118346714243;
100,0,0.5,50,rtmdet_l_8xb32-300e_coco.py,0.03610925494499926,0.7129228100607112,0.4301412872841444,0.5365535248041775;
100,0,0.5,50,rtmdet_m_8xb32-300e_coco.py,0.02287146137721503,0.7191111111111111,0.42333856619570903,0.5329380764163373;
100,0,0.5,50,rtmdet_s_8xb32-300e_coco.py,0.018562920333803162,0.7927308447937131,0.42229199372056514,0.5510413110276544;
100,0,0.5,50,rtmdet_tiny_8xb32-300e_coco.py,0.017779371568134854,0.7851959361393324,0.28309785452642594,0.41615384615384615;
100,10,0.1,10,rtmdet_x_8xb32-300e_coco.py,0.05730902842986278,0.7106413994169096,0.5102040816326531,0.5939689308559245;
100,10,0.1,10,rtmdet_l_8xb32-300e_coco.py,0.036193924130133864,0.7193605683836589,0.423861852433281,0.5334211392821864;
100,10,0.1,10,rtmdet_m_8xb32-300e_coco.py,0.023004280097449002,0.7316849816849816,0.4181057038199895,0.5321345321345322;
100,10,0.1,10,rtmdet_s_8xb32-300e_coco.py,0.01890584202699883,0.794383149448345,0.41444270015698587,0.5447042640990372;
100,10,0.1,10,rtmdet_tiny_8xb32-300e_coco.py,0.018037876912525723,0.7868613138686131,0.28205128205128205,0.41525423728813554;
100,10,0.1,25,rtmdet_x_8xb32-300e_coco.py,0.057501094245211985,0.7030386740331491,0.532705389848247,0.6061327776123846;
100,10,0.1,25,rtmdet_l_8xb32-300e_coco.py,0.036145521559805244,0.7129228100607112,0.4301412872841444,0.5365535248041775;
100,10,0.1,25,rtmdet_m_8xb32-300e_coco.py,0.022902267192726703,0.7197508896797153,0.42333856619570903,0.5331136738056014;
100,10,0.1,25,rtmdet_s_8xb32-300e_coco.py,0.0188291072845459,0.7927308447937131,0.42229199372056514,0.5510413110276544;
100,10,0.1,25,rtmdet_tiny_8xb32-300e_coco.py,0.018032845641885484,0.7851959361393324,0.28309785452642594,0.41615384615384615;
100,10,0.1,50,rtmdet_x_8xb32-300e_coco.py,0.057182811555408296,0.7030386740331491,0.532705389848247,0.6061327776123846;
100,10,0.1,50,rtmdet_l_8xb32-300e_coco.py,0.03602064330622835,0.7129228100607112,0.4301412872841444,0.5365535248041775;
100,10,0.1,50,rtmdet_m_8xb32-300e_coco.py,0.022861408653543955,0.7197508896797153,0.42333856619570903,0.5331136738056014;
100,10,0.1,50,rtmdet_s_8xb32-300e_coco.py,0.01882514011028201,0.7927308447937131,0.42229199372056514,0.5510413110276544;
100,10,0.1,50,rtmdet_tiny_8xb32-300e_coco.py,0.018118664622306824,0.7851959361393324,0.28309785452642594,0.41615384615384615;
100,10,0.3,10,rtmdet_x_8xb32-300e_coco.py,0.057208425396091334,0.7106413994169096,0.5102040816326531,0.5939689308559245;
100,10,0.3,10,rtmdet_l_8xb32-300e_coco.py,0.036324887905480725,0.7193605683836589,0.423861852433281,0.5334211392821864;
100,10,0.3,10,rtmdet_m_8xb32-300e_coco.py,0.02282945967432278,0.7316849816849816,0.4181057038199895,0.5321345321345322;
100,10,0.3,10,rtmdet_s_8xb32-300e_coco.py,0.018902649251065513,0.794383149448345,0.41444270015698587,0.5447042640990372;
100,10,0.3,10,rtmdet_tiny_8xb32-300e_coco.py,0.017932507608618056,0.7868613138686131,0.28205128205128205,0.41525423728813554;
100,10,0.3,25,rtmdet_x_8xb32-300e_coco.py,0.05738876154134562,0.7030386740331491,0.532705389848247,0.6061327776123846;
100,10,0.3,25,rtmdet_l_8xb32-300e_coco.py,0.03620893550368975,0.7129228100607112,0.4301412872841444,0.5365535248041775;
100,10,0.3,25,rtmdet_m_8xb32-300e_coco.py,0.022842602053684973,0.7197508896797153,0.42333856619570903,0.5331136738056014;
100,10,0.3,25,rtmdet_s_8xb32-300e_coco.py,0.018775036168652913,0.7927308447937131,0.42229199372056514,0.5510413110276544;
100,10,0.3,25,rtmdet_tiny_8xb32-300e_coco.py,0.018399517451013838,0.7851959361393324,0.28309785452642594,0.41615384615384615;
100,10,0.3,50,rtmdet_x_8xb32-300e_coco.py,0.05735388430920276,0.7030386740331491,0.532705389848247,0.6061327776123846;
100,10,0.3,50,rtmdet_l_8xb32-300e_coco.py,0.03605397602297225,0.7129228100607112,0.4301412872841444,0.5365535248041775;
100,10,0.3,50,rtmdet_m_8xb32-300e_coco.py,0.022899959514390177,0.7197508896797153,0.42333856619570903,0.5331136738056014;
100,10,0.3,50,rtmdet_s_8xb32-300e_coco.py,0.019032052321027417,0.7927308447937131,0.42229199372056514,0.5510413110276544;
100,10,0.3,50,rtmdet_tiny_8xb32-300e_coco.py,0.017946523215089525,0.7851959361393324,0.28309785452642594,0.41615384615384615;
100,10,0.5,10,rtmdet_x_8xb32-300e_coco.py,0.05732505924099094,0.7106413994169096,0.5102040816326531,0.5939689308559245;
100,10,0.5,10,rtmdet_l_8xb32-300e_coco.py,0.03600740702647083,0.7193605683836589,0.423861852433281,0.5334211392821864;
100,10,0.5,10,rtmdet_m_8xb32-300e_coco.py,0.022805204142385453,0.7316849816849816,0.4181057038199895,0.5321345321345322;
100,10,0.5,10,rtmdet_s_8xb32-300e_coco.py,0.018888969754063806,0.794383149448345,0.41444270015698587,0.5447042640990372;
100,10,0.5,10,rtmdet_tiny_8xb32-300e_coco.py,0.017822034657001495,0.7868613138686131,0.28205128205128205,0.41525423728813554;
100,10,0.5,25,rtmdet_x_8xb32-300e_coco.py,0.05718780175233499,0.7030386740331491,0.532705389848247,0.6061327776123846;
100,10,0.5,25,rtmdet_l_8xb32-300e_coco.py,0.03595550645072505,0.7129228100607112,0.4301412872841444,0.5365535248041775;
100,10,0.5,25,rtmdet_m_8xb32-300e_coco.py,0.022883402767466074,0.7197508896797153,0.42333856619570903,0.5331136738056014;
100,10,0.5,25,rtmdet_s_8xb32-300e_coco.py,0.018915538639985314,0.7927308447937131,0.42229199372056514,0.5510413110276544;
100,10,0.5,25,rtmdet_tiny_8xb32-300e_coco.py,0.017914595348494395,0.7851959361393324,0.28309785452642594,0.41615384615384615;
100,10,0.5,50,rtmdet_x_8xb32-300e_coco.py,0.05709879302279853,0.7030386740331491,0.532705389848247,0.6061327776123846;
100,10,0.5,50,rtmdet_l_8xb32-300e_coco.py,0.036020364401475435,0.7129228100607112,0.4301412872841444,0.5365535248041775;
100,10,0.5,50,rtmdet_m_8xb32-300e_coco.py,0.022756516933441162,0.7197508896797153,0.42333856619570903,0.5331136738056014;
100,10,0.5,50,rtmdet_s_8xb32-300e_coco.py,0.018705586130304853,0.7927308447937131,0.42229199372056514,0.5510413110276544;
100,10,0.5,50,rtmdet_tiny_8xb32-300e_coco.py,0.017872618777411326,0.7851959361393324,0.28309785452642594,0.41615384615384615;
100,25,0.1,10,rtmdet_x_8xb32-300e_coco.py,0.05755510926246643,0.7290322580645161,0.4730507587650445,0.5737860996509044;
100,25,0.1,10,rtmdet_l_8xb32-300e_coco.py,0.03620423706433245,0.738255033557047,0.40293040293040294,0.5213270142180095;
100,25,0.1,10,rtmdet_m_8xb32-300e_coco.py,0.023016877835163017,0.7447236180904523,0.3877551020408163,0.509979353062629;
100,25,0.1,10,rtmdet_s_8xb32-300e_coco.py,0.0189333906360701,0.8032258064516129,0.39089481946624804,0.5258711721224921;
100,25,0.1,10,rtmdet_tiny_8xb32-300e_coco.py,0.018053338744423605,0.7933227344992051,0.261119832548404,0.39291338582677166;
100,25,0.1,25,rtmdet_x_8xb32-300e_coco.py,0.057431150008650386,0.7238394964594808,0.48142333856619574,0.5782526712759272;
100,25,0.1,25,rtmdet_l_8xb32-300e_coco.py,0.0362190053663181,0.7322611163670766,0.4050235478806907,0.5215633423180593;
100,25,0.1,25,rtmdet_m_8xb32-300e_coco.py,0.023220763224341003,0.7386138613861386,0.39037153322867607,0.5107839780896953;
100,25,0.1,25,rtmdet_s_8xb32-300e_coco.py,0.019083476534076764,0.8,0.3935112506541078,0.5275341985268327;
100,25,0.1,25,rtmdet_tiny_8xb32-300e_coco.py,0.01816397255117243,0.7923930269413629,0.2616431187859759,0.3933910306845004;
100,25,0.1,50,rtmdet_x_8xb32-300e_coco.py,0.05714173877940459,0.7238394964594808,0.48142333856619574,0.5782526712759272;
100,25,0.1,50,rtmdet_l_8xb32-300e_coco.py,0.03631175292357234,0.7322611163670766,0.4050235478806907,0.5215633423180593;
100,25,0.1,50,rtmdet_m_8xb32-300e_coco.py,0.023077833518553317,0.7386138613861386,0.39037153322867607,0.5107839780896953;
100,25,0.1,50,rtmdet_s_8xb32-300e_coco.py,0.01896376142314836,0.8,0.3935112506541078,0.5275341985268327;
100,25,0.1,50,rtmdet_tiny_8xb32-300e_coco.py,0.01825200536034324,0.7923930269413629,0.2616431187859759,0.3933910306845004;
100,25,0.3,10,rtmdet_x_8xb32-300e_coco.py,0.057368201367995315,0.7290322580645161,0.4730507587650445,0.5737860996509044;
100,25,0.3,10,rtmdet_l_8xb32-300e_coco.py,0.036169713690080714,0.738255033557047,0.40293040293040294,0.5213270142180095;
100,25,0.3,10,rtmdet_m_8xb32-300e_coco.py,0.0229901017321183,0.7447236180904523,0.3877551020408163,0.509979353062629;
100,25,0.3,10,rtmdet_s_8xb32-300e_coco.py,0.018892377030615713,0.8032258064516129,0.39089481946624804,0.5258711721224921;
100,25,0.3,10,rtmdet_tiny_8xb32-300e_coco.py,0.01839307113127275,0.7933227344992051,0.261119832548404,0.39291338582677166;
100,25,0.3,25,rtmdet_x_8xb32-300e_coco.py,0.057387259076623356,0.7238394964594808,0.48142333856619574,0.5782526712759272;
100,25,0.3,25,rtmdet_l_8xb32-300e_coco.py,0.03649968136357897,0.7322611163670766,0.4050235478806907,0.5215633423180593;
100,25,0.3,25,rtmdet_m_8xb32-300e_coco.py,0.02294733640406462,0.7386138613861386,0.39037153322867607,0.5107839780896953;
100,25,0.3,25,rtmdet_s_8xb32-300e_coco.py,0.018933799220066445,0.8,0.3935112506541078,0.5275341985268327;
100,25,0.3,25,rtmdet_tiny_8xb32-300e_coco.py,0.017951319434426048,0.7923930269413629,0.2616431187859759,0.3933910306845004;
100,25,0.3,50,rtmdet_x_8xb32-300e_coco.py,0.057741665664841145,0.7238394964594808,0.48142333856619574,0.5782526712759272;
100,25,0.3,50,rtmdet_l_8xb32-300e_coco.py,0.03578296872495695,0.7322611163670766,0.4050235478806907,0.5215633423180593;
100,25,0.3,50,rtmdet_m_8xb32-300e_coco.py,0.02294798111647702,0.7386138613861386,0.39037153322867607,0.5107839780896953;
100,25,0.3,50,rtmdet_s_8xb32-300e_coco.py,0.018813554913389915,0.8,0.3935112506541078,0.5275341985268327;
100,25,0.3,50,rtmdet_tiny_8xb32-300e_coco.py,0.017914226922121915,0.7923930269413629,0.2616431187859759,0.3933910306845004;
100,25,0.5,10,rtmdet_x_8xb32-300e_coco.py,0.05666374546640059,0.7290322580645161,0.4730507587650445,0.5737860996509044;
100,25,0.5,10,rtmdet_l_8xb32-300e_coco.py,0.035714213174718026,0.738255033557047,0.40293040293040294,0.5213270142180095;
100,25,0.5,10,rtmdet_m_8xb32-300e_coco.py,0.022652349222018923,0.7447236180904523,0.3877551020408163,0.509979353062629;
100,25,0.5,10,rtmdet_s_8xb32-300e_coco.py,0.018724319046618892,0.8032258064516129,0.39089481946624804,0.5258711721224921;
100,25,0.5,10,rtmdet_tiny_8xb32-300e_coco.py,0.01759511557492343,0.7933227344992051,0.261119832548404,0.39291338582677166;
100,25,0.5,25,rtmdet_x_8xb32-300e_coco.py,0.05677288420060102,0.7238394964594808,0.48142333856619574,0.5782526712759272;
100,25,0.5,25,rtmdet_l_8xb32-300e_coco.py,0.035773415601890506,0.7322611163670766,0.4050235478806907,0.5215633423180593;
100,25,0.5,25,rtmdet_m_8xb32-300e_coco.py,0.02252666066201885,0.7386138613861386,0.39037153322867607,0.5107839780896953;
100,25,0.5,25,rtmdet_s_8xb32-300e_coco.py,0.018279031678742053,0.8,0.3935112506541078,0.5275341985268327;
100,25,0.5,25,rtmdet_tiny_8xb32-300e_coco.py,0.018434717438437723,0.7923930269413629,0.2616431187859759,0.3933910306845004;
100,25,0.5,50,rtmdet_x_8xb32-300e_coco.py,0.057415818466859704,0.7238394964594808,0.48142333856619574,0.5782526712759272;
100,25,0.5,50,rtmdet_l_8xb32-300e_coco.py,0.035959238314446605,0.7322611163670766,0.4050235478806907,0.5215633423180593;
100,25,0.5,50,rtmdet_m_8xb32-300e_coco.py,0.024150479598884726,0.7386138613861386,0.39037153322867607,0.5107839780896953;
100,25,0.5,50,rtmdet_s_8xb32-300e_coco.py,0.01914069231818704,0.8,0.3935112506541078,0.5275341985268327;
100,25,0.5,50,rtmdet_tiny_8xb32-300e_coco.py,0.018330755017020486,0.7923930269413629,0.2616431187859759,0.3933910306845004;
250,0,0.1,10,rtmdet_x_8xb32-300e_coco.py,0.05738801309913943,0.7085755813953488,0.5102040816326531,0.5932461210830545;
250,0,0.1,10,rtmdet_l_8xb32-300e_coco.py,0.036043616060940725,0.7193605683836589,0.423861852433281,0.5334211392821864;
250,0,0.1,10,rtmdet_m_8xb32-300e_coco.py,0.023130656178317853,0.7316849816849816,0.4181057038199895,0.5321345321345322;
250,0,0.1,10,rtmdet_s_8xb32-300e_coco.py,0.018563880476840707,0.794383149448345,0.41444270015698587,0.5447042640990372;
250,0,0.1,10,rtmdet_tiny_8xb32-300e_coco.py,0.017421733055795943,0.7868613138686131,0.28205128205128205,0.41525423728813554;
250,0,0.1,25,rtmdet_x_8xb32-300e_coco.py,0.05649954582745339,0.7011019283746557,0.532705389848247,0.6054118346714243;
250,0,0.1,25,rtmdet_l_8xb32-300e_coco.py,0.03527467565716438,0.7129228100607112,0.4301412872841444,0.5365535248041775;
250,0,0.1,25,rtmdet_m_8xb32-300e_coco.py,0.023087399219399066,0.7191111111111111,0.42333856619570903,0.5329380764163373;
250,0,0.1,25,rtmdet_s_8xb32-300e_coco.py,0.018622390059537666,0.7927308447937131,0.42229199372056514,0.5510413110276544;
250,0,0.1,25,rtmdet_tiny_8xb32-300e_coco.py,0.01779447602374213,0.7851959361393324,0.28309785452642594,0.41615384615384615;
250,0,0.1,50,rtmdet_x_8xb32-300e_coco.py,0.0572402101733309,0.7011019283746557,0.532705389848247,0.6054118346714243;
250,0,0.1,50,rtmdet_l_8xb32-300e_coco.py,0.03592526237919645,0.7129228100607112,0.4301412872841444,0.5365535248041775;
250,0,0.1,50,rtmdet_m_8xb32-300e_coco.py,0.022829530844047888,0.7191111111111111,0.42333856619570903,0.5329380764163373;
250,0,0.1,50,rtmdet_s_8xb32-300e_coco.py,0.01872085416039755,0.7927308447937131,0.42229199372056514,0.5510413110276544;
250,0,0.1,50,rtmdet_tiny_8xb32-300e_coco.py,0.018026892627988542,0.7851959361393324,0.28309785452642594,0.41615384615384615;
250,0,0.3,10,rtmdet_x_8xb32-300e_coco.py,0.05698254431560363,0.7085755813953488,0.5102040816326531,0.5932461210830545;
250,0,0.3,10,rtmdet_l_8xb32-300e_coco.py,0.035981105408578545,0.7193605683836589,0.423861852433281,0.5334211392821864;
250,0,0.3,10,rtmdet_m_8xb32-300e_coco.py,0.022800716891217588,0.7316849816849816,0.4181057038199895,0.5321345321345322;
250,0,0.3,10,rtmdet_s_8xb32-300e_coco.py,0.019161343574523926,0.794383149448345,0.41444270015698587,0.5447042640990372;
250,0,0.3,10,rtmdet_tiny_8xb32-300e_coco.py,0.017904671175139292,0.7868613138686131,0.28205128205128205,0.41525423728813554;
250,0,0.3,25,rtmdet_x_8xb32-300e_coco.py,0.05705679117978274,0.7011019283746557,0.532705389848247,0.6054118346714243;
250,0,0.3,25,rtmdet_l_8xb32-300e_coco.py,0.0359726662905711,0.7129228100607112,0.4301412872841444,0.5365535248041775;
250,0,0.3,25,rtmdet_m_8xb32-300e_coco.py,0.022813321939155237,0.7191111111111111,0.42333856619570903,0.5329380764163373;
250,0,0.3,25,rtmdet_s_8xb32-300e_coco.py,0.018631408380907634,0.7927308447937131,0.42229199372056514,0.5510413110276544;
250,0,0.3,25,rtmdet_tiny_8xb32-300e_coco.py,0.017882281116076877,0.7851959361393324,0.28309785452642594,0.41615384615384615;
250,0,0.3,50,rtmdet_x_8xb32-300e_coco.py,0.057179061484424185,0.7011019283746557,0.532705389848247,0.6054118346714243;
250,0,0.3,50,rtmdet_l_8xb32-300e_coco.py,0.036133974003341965,0.7129228100607112,0.4301412872841444,0.5365535248041775;
250,0,0.3,50,rtmdet_m_8xb32-300e_coco.py,0.022782209204204047,0.7191111111111111,0.42333856619570903,0.5329380764163373;
250,0,0.3,50,rtmdet_s_8xb32-300e_coco.py,0.018664377604344095,0.7927308447937131,0.42229199372056514,0.5510413110276544;
250,0,0.3,50,rtmdet_tiny_8xb32-300e_coco.py,0.01776273867913655,0.7851959361393324,0.28309785452642594,0.41615384615384615;
250,0,0.5,10,rtmdet_x_8xb32-300e_coco.py,0.056953119270967474,0.7085755813953488,0.5102040816326531,0.5932461210830545;
250,0,0.5,10,rtmdet_l_8xb32-300e_coco.py,0.035785119038707805,0.7193605683836589,0.423861852433281,0.5334211392821864;
250,0,0.5,10,rtmdet_m_8xb32-300e_coco.py,0.022837903962206484,0.7316849816849816,0.4181057038199895,0.5321345321345322;
250,0,0.5,10,rtmdet_s_8xb32-300e_coco.py,0.018638344698174054,0.794383149448345,0.41444270015698587,0.5447042640990372;
250,0,0.5,10,rtmdet_tiny_8xb32-300e_coco.py,0.01794965033020292,0.7868613138686131,0.28205128205128205,0.41525423728813554;
250,0,0.5,25,rtmdet_x_8xb32-300e_coco.py,0.05674801466665862,0.7011019283746557,0.532705389848247,0.6054118346714243;
250,0,0.5,25,rtmdet_l_8xb32-300e_coco.py,0.03636625038003022,0.7129228100607112,0.4301412872841444,0.5365535248041775;
250,0,0.5,25,rtmdet_m_8xb32-300e_coco.py,0.02389103885906846,0.7191111111111111,0.42333856619570903,0.5329380764163373;
250,0,0.5,25,rtmdet_s_8xb32-300e_coco.py,0.01881502580273059,0.7927308447937131,0.42229199372056514,0.5510413110276544;
250,0,0.5,25,rtmdet_tiny_8xb32-300e_coco.py,0.017834639975002835,0.7851959361393324,0.28309785452642594,0.41615384615384615;
250,0,0.5,50,rtmdet_x_8xb32-300e_coco.py,0.05684961329449664,0.7011019283746557,0.532705389848247,0.6054118346714243;
250,0,0.5,50,rtmdet_l_8xb32-300e_coco.py,0.035802977040128886,0.7129228100607112,0.4301412872841444,0.5365535248041775;
250,0,0.5,50,rtmdet_m_8xb32-300e_coco.py,0.022626662432257808,0.7191111111111111,0.42333856619570903,0.5329380764163373;
250,0,0.5,50,rtmdet_s_8xb32-300e_coco.py,0.01852004934650983,0.7927308447937131,0.42229199372056514,0.5510413110276544;
250,0,0.5,50,rtmdet_tiny_8xb32-300e_coco.py,0.017747926924909865,0.7851959361393324,0.28309785452642594,0.41615384615384615;
250,10,0.1,10,rtmdet_x_8xb32-300e_coco.py,0.05706878459497249,0.7106413994169096,0.5102040816326531,0.5939689308559245;
250,10,0.1,10,rtmdet_l_8xb32-300e_coco.py,0.03631248294182544,0.7193605683836589,0.423861852433281,0.5334211392821864;
250,10,0.1,10,rtmdet_m_8xb32-300e_coco.py,0.022922760515070674,0.7316849816849816,0.4181057038199895,0.5321345321345322;
250,10,0.1,10,rtmdet_s_8xb32-300e_coco.py,0.018949901410775592,0.794383149448345,0.41444270015698587,0.5447042640990372;
250,10,0.1,10,rtmdet_tiny_8xb32-300e_coco.py,0.018080816737243106,0.7868613138686131,0.28205128205128205,0.41525423728813554;
250,10,0.1,25,rtmdet_x_8xb32-300e_coco.py,0.05717268269577306,0.7030386740331491,0.532705389848247,0.6061327776123846;
250,10,0.1,25,rtmdet_l_8xb32-300e_coco.py,0.03631258550679908,0.7129228100607112,0.4301412872841444,0.5365535248041775;
250,10,0.1,25,rtmdet_m_8xb32-300e_coco.py,0.022995288692303557,0.7197508896797153,0.42333856619570903,0.5331136738056014;
250,10,0.1,25,rtmdet_s_8xb32-300e_coco.py,0.018842222154602524,0.7927308447937131,0.42229199372056514,0.5510413110276544;
250,10,0.1,25,rtmdet_tiny_8xb32-300e_coco.py,0.018010649297918593,0.7851959361393324,0.28309785452642594,0.41615384615384615;
250,10,0.1,50,rtmdet_x_8xb32-300e_coco.py,0.05749426394591838,0.7030386740331491,0.532705389848247,0.6061327776123846;
250,10,0.1,50,rtmdet_l_8xb32-300e_coco.py,0.0362189067984527,0.7129228100607112,0.4301412872841444,0.5365535248041775;
250,10,0.1,50,rtmdet_m_8xb32-300e_coco.py,0.022897318227967218,0.7197508896797153,0.42333856619570903,0.5331136738056014;
250,10,0.1,50,rtmdet_s_8xb32-300e_coco.py,0.018801104190737702,0.7927308447937131,0.42229199372056514,0.5510413110276544;
250,10,0.1,50,rtmdet_tiny_8xb32-300e_coco.py,0.017923654190131595,0.7851959361393324,0.28309785452642594,0.41615384615384615;
250,10,0.3,10,rtmdet_x_8xb32-300e_coco.py,0.05747655809143961,0.7106413994169096,0.5102040816326531,0.5939689308559245;
250,10,0.3,10,rtmdet_l_8xb32-300e_coco.py,0.03609649730178545,0.7193605683836589,0.423861852433281,0.5334211392821864;
250,10,0.3,10,rtmdet_m_8xb32-300e_coco.py,0.022712238688967122,0.7316849816849816,0.4181057038199895,0.5321345321345322;
250,10,0.3,10,rtmdet_s_8xb32-300e_coco.py,0.018847299176593158,0.794383149448345,0.41444270015698587,0.5447042640990372;
250,10,0.3,10,rtmdet_tiny_8xb32-300e_coco.py,0.018015511333942413,0.7868613138686131,0.28205128205128205,0.41525423728813554;
250,10,0.3,25,rtmdet_x_8xb32-300e_coco.py,0.05731195495242164,0.7030386740331491,0.532705389848247,0.6061327776123846;
250,10,0.3,25,rtmdet_l_8xb32-300e_coco.py,0.03613893940763654,0.7129228100607112,0.4301412872841444,0.5365535248041775;
250,10,0.3,25,rtmdet_m_8xb32-300e_coco.py,0.023020433845804697,0.7197508896797153,0.42333856619570903,0.5331136738056014;
250,10,0.3,25,rtmdet_s_8xb32-300e_coco.py,0.018742859825607416,0.7927308447937131,0.42229199372056514,0.5510413110276544;
250,10,0.3,25,rtmdet_tiny_8xb32-300e_coco.py,0.017871453293732235,0.7851959361393324,0.28309785452642594,0.41615384615384615;
250,10,0.3,50,rtmdet_x_8xb32-300e_coco.py,0.056974653795961935,0.7030386740331491,0.532705389848247,0.6061327776123846;
250,10,0.3,50,rtmdet_l_8xb32-300e_coco.py,0.035950199163184975,0.7129228100607112,0.4301412872841444,0.5365535248041775;
250,10,0.3,50,rtmdet_m_8xb32-300e_coco.py,0.022788255072351712,0.7197508896797153,0.42333856619570903,0.5331136738056014;
250,10,0.3,50,rtmdet_s_8xb32-300e_coco.py,0.01883578670117282,0.7927308447937131,0.42229199372056514,0.5510413110276544;
250,10,0.3,50,rtmdet_tiny_8xb32-300e_coco.py,0.017875894904136658,0.7851959361393324,0.28309785452642594,0.41615384615384615;
250,10,0.5,10,rtmdet_x_8xb32-300e_coco.py,0.057026481453752345,0.7106413994169096,0.5102040816326531,0.5939689308559245;
250,10,0.5,10,rtmdet_l_8xb32-300e_coco.py,0.0361080898428863,0.7193605683836589,0.423861852433281,0.5334211392821864;
250,10,0.5,10,rtmdet_m_8xb32-300e_coco.py,0.022658784887683924,0.7316849816849816,0.4181057038199895,0.5321345321345322;
250,10,0.5,10,rtmdet_s_8xb32-300e_coco.py,0.018707267073697822,0.794383149448345,0.41444270015698587,0.5447042640990372;
250,10,0.5,10,rtmdet_tiny_8xb32-300e_coco.py,0.017837132726396834,0.7868613138686131,0.28205128205128205,0.41525423728813554;
250,10,0.5,25,rtmdet_x_8xb32-300e_coco.py,0.056891395058824026,0.7030386740331491,0.532705389848247,0.6061327776123846;
250,10,0.5,25,rtmdet_l_8xb32-300e_coco.py,0.0357514111500866,0.7129228100607112,0.4301412872841444,0.5365535248041775;
250,10,0.5,25,rtmdet_m_8xb32-300e_coco.py,0.022651223104391525,0.7197508896797153,0.42333856619570903,0.5331136738056014;
250,10,0.5,25,rtmdet_s_8xb32-300e_coco.py,0.018547239229660624,0.7927308447937131,0.42229199372056514,0.5510413110276544;
250,10,0.5,25,rtmdet_tiny_8xb32-300e_coco.py,0.017760700413158963,0.7851959361393324,0.28309785452642594,0.41615384615384615;
250,10,0.5,50,rtmdet_x_8xb32-300e_coco.py,0.05706341013366923,0.7030386740331491,0.532705389848247,0.6061327776123846;
250,10,0.5,50,rtmdet_l_8xb32-300e_coco.py,0.035830576914661336,0.7129228100607112,0.4301412872841444,0.5365535248041775;
250,10,0.5,50,rtmdet_m_8xb32-300e_coco.py,0.02262969159368259,0.7197508896797153,0.42333856619570903,0.5331136738056014;
250,10,0.5,50,rtmdet_s_8xb32-300e_coco.py,0.01836092435112295,0.7927308447937131,0.42229199372056514,0.5510413110276544;
250,10,0.5,50,rtmdet_tiny_8xb32-300e_coco.py,0.01785721949168614,0.7851959361393324,0.28309785452642594,0.41615384615384615;
250,25,0.1,10,rtmdet_x_8xb32-300e_coco.py,0.05754151589730207,0.7290322580645161,0.4730507587650445,0.5737860996509044;
250,25,0.1,10,rtmdet_l_8xb32-300e_coco.py,0.036262205538858894,0.738255033557047,0.40293040293040294,0.5213270142180095;
250,25,0.1,10,rtmdet_m_8xb32-300e_coco.py,0.02314979485358192,0.7447236180904523,0.3877551020408163,0.509979353062629;
250,25,0.1,10,rtmdet_s_8xb32-300e_coco.py,0.018977938446344114,0.8032258064516129,0.39089481946624804,0.5258711721224921;
250,25,0.1,10,rtmdet_tiny_8xb32-300e_coco.py,0.018088933554562654,0.7933227344992051,0.261119832548404,0.39291338582677166;
250,25,0.1,25,rtmdet_x_8xb32-300e_coco.py,0.057272500851575064,0.7238394964594808,0.48142333856619574,0.5782526712759272;
250,25,0.1,25,rtmdet_l_8xb32-300e_coco.py,0.03625786941470081,0.7322611163670766,0.4050235478806907,0.5215633423180593;
250,25,0.1,25,rtmdet_m_8xb32-300e_coco.py,0.023147355304675155,0.7386138613861386,0.39037153322867607,0.5107839780896953;
250,25,0.1,25,rtmdet_s_8xb32-300e_coco.py,0.01907512440400965,0.8,0.3935112506541078,0.5275341985268327;
250,25,0.1,25,rtmdet_tiny_8xb32-300e_coco.py,0.018085064671256326,0.7923930269413629,0.2616431187859759,0.3933910306845004;
250,25,0.1,50,rtmdet_x_8xb32-300e_coco.py,0.057352930307388306,0.7238394964594808,0.48142333856619574,0.5782526712759272;
250,25,0.1,50,rtmdet_l_8xb32-300e_coco.py,0.03632453379740242,0.7322611163670766,0.4050235478806907,0.5215633423180593;
250,25,0.1,50,rtmdet_m_8xb32-300e_coco.py,0.023471545637323614,0.7386138613861386,0.39037153322867607,0.5107839780896953;
250,25,0.1,50,rtmdet_s_8xb32-300e_coco.py,0.01916351318359375,0.8,0.3935112506541078,0.5275341985268327;
250,25,0.1,50,rtmdet_tiny_8xb32-300e_coco.py,0.01802355159412731,0.7923930269413629,0.2616431187859759,0.3933910306845004;
250,25,0.3,10,rtmdet_x_8xb32-300e_coco.py,0.057153352043207956,0.7290322580645161,0.4730507587650445,0.5737860996509044;
250,25,0.3,10,rtmdet_l_8xb32-300e_coco.py,0.03617333182851777,0.738255033557047,0.40293040293040294,0.5213270142180095;
250,25,0.3,10,rtmdet_m_8xb32-300e_coco.py,0.022892734977636445,0.7447236180904523,0.3877551020408163,0.509979353062629;
250,25,0.3,10,rtmdet_s_8xb32-300e_coco.py,0.018944585089590037,0.8032258064516129,0.39089481946624804,0.5258711721224921;
250,25,0.3,10,rtmdet_tiny_8xb32-300e_coco.py,0.01901365193453702,0.7933227344992051,0.261119832548404,0.39291338582677166;
250,25,0.3,25,rtmdet_x_8xb32-300e_coco.py,0.05725400149822235,0.7238394964594808,0.48142333856619574,0.5782526712759272;
250,25,0.3,25,rtmdet_l_8xb32-300e_coco.py,0.03615445126103991,0.7322611163670766,0.4050235478806907,0.5215633423180593;
250,25,0.3,25,rtmdet_m_8xb32-300e_coco.py,0.023109124394391806,0.7386138613861386,0.39037153322867607,0.5107839780896953;
250,25,0.3,25,rtmdet_s_8xb32-300e_coco.py,0.018903611688052907,0.8,0.3935112506541078,0.5275341985268327;
250,25,0.3,25,rtmdet_tiny_8xb32-300e_coco.py,0.017848473245447333,0.7923930269413629,0.2616431187859759,0.3933910306845004;
250,25,0.3,50,rtmdet_x_8xb32-300e_coco.py,0.0570004205493366,0.7238394964594808,0.48142333856619574,0.5782526712759272;
250,25,0.3,50,rtmdet_l_8xb32-300e_coco.py,0.036119180781240684,0.7322611163670766,0.4050235478806907,0.5215633423180593;
250,25,0.3,50,rtmdet_m_8xb32-300e_coco.py,0.023011268301403032,0.7386138613861386,0.39037153322867607,0.5107839780896953;
250,25,0.3,50,rtmdet_s_8xb32-300e_coco.py,0.01895718013539034,0.8,0.3935112506541078,0.5275341985268327;
250,25,0.3,50,rtmdet_tiny_8xb32-300e_coco.py,0.018044262582605535,0.7923930269413629,0.2616431187859759,0.3933910306845004;
250,25,0.5,10,rtmdet_x_8xb32-300e_coco.py,0.060732781010515546,0.7290322580645161,0.4730507587650445,0.5737860996509044;
250,25,0.5,10,rtmdet_l_8xb32-300e_coco.py,0.03880425900903367,0.738255033557047,0.40293040293040294,0.5213270142180095;
250,25,0.5,10,rtmdet_m_8xb32-300e_coco.py,0.02436171935292219,0.7447236180904523,0.3877551020408163,0.509979353062629;
250,25,0.5,10,rtmdet_s_8xb32-300e_coco.py,0.017951269710765164,0.8032258064516129,0.39089481946624804,0.5258711721224921;
250,25,0.5,10,rtmdet_tiny_8xb32-300e_coco.py,0.017081504518335514,0.7933227344992051,0.261119832548404,0.39291338582677166;
250,25,0.5,25,rtmdet_x_8xb32-300e_coco.py,0.06177526449455934,0.7238394964594808,0.48142333856619574,0.5782526712759272;
250,25,0.5,25,rtmdet_l_8xb32-300e_coco.py,0.03914593376276147,0.7322611163670766,0.4050235478806907,0.5215633423180593;
250,25,0.5,25,rtmdet_m_8xb32-300e_coco.py,0.024496852681877908,0.7386138613861386,0.39037153322867607,0.5107839780896953;
250,25,0.5,25,rtmdet_s_8xb32-300e_coco.py,0.017713358822990865,0.8,0.3935112506541078,0.5275341985268327;
250,25,0.5,25,rtmdet_tiny_8xb32-300e_coco.py,0.017126957936720415,0.7923930269413629,0.2616431187859759,0.3933910306845004;
250,25,0.5,50,rtmdet_x_8xb32-300e_coco.py,0.06203348233419306,0.7238394964594808,0.48142333856619574,0.5782526712759272;
250,25,0.5,50,rtmdet_l_8xb32-300e_coco.py,0.0390851242851665,0.7322611163670766,0.4050235478806907,0.5215633423180593;
250,25,0.5,50,rtmdet_m_8xb32-300e_coco.py,0.02451360806097252,0.7386138613861386,0.39037153322867607,0.5107839780896953;
250,25,0.5,50,rtmdet_s_8xb32-300e_coco.py,0.018026178023394415,0.8,0.3935112506541078,0.5275341985268327;
250,25,0.5,50,rtmdet_tiny_8xb32-300e_coco.py,0.016824490373784844,0.7923930269413629,0.2616431187859759,0.3933910306845004;
500,0,0.1,10,rtmdet_x_8xb32-300e_coco.py,0.06186680916028145,0.7085755813953488,0.5102040816326531,0.5932461210830545;
500,0,0.1,10,rtmdet_l_8xb32-300e_coco.py,0.03889483415855552,0.7193605683836589,0.423861852433281,0.5334211392821864;
500,0,0.1,10,rtmdet_m_8xb32-300e_coco.py,0.024437114373961493,0.7316849816849816,0.4181057038199895,0.5321345321345322;
500,0,0.1,10,rtmdet_s_8xb32-300e_coco.py,0.0179132481878118,0.794383149448345,0.41444270015698587,0.5447042640990372;
500,0,0.1,10,rtmdet_tiny_8xb32-300e_coco.py,0.017075255513191223,0.7868613138686131,0.28205128205128205,0.41525423728813554;
500,0,0.1,25,rtmdet_x_8xb32-300e_coco.py,0.0618592164455316,0.7011019283746557,0.532705389848247,0.6054118346714243;
500,0,0.1,25,rtmdet_l_8xb32-300e_coco.py,0.03890009736115078,0.7129228100607112,0.4301412872841444,0.5365535248041775;
500,0,0.1,25,rtmdet_m_8xb32-300e_coco.py,0.024520310003366044,0.7191111111111111,0.42333856619570903,0.5329380764163373;
500,0,0.1,25,rtmdet_s_8xb32-300e_coco.py,0.017749696738960208,0.7927308447937131,0.42229199372056514,0.5510413110276544;
500,0,0.1,25,rtmdet_tiny_8xb32-300e_coco.py,0.01721550098487309,0.7851959361393324,0.28309785452642594,0.41615384615384615;
500,0,0.1,50,rtmdet_x_8xb32-300e_coco.py,0.06185683400639684,0.7011019283746557,0.532705389848247,0.6054118346714243;
500,0,0.1,50,rtmdet_l_8xb32-300e_coco.py,0.03899107069339392,0.7129228100607112,0.4301412872841444,0.5365535248041775;
500,0,0.1,50,rtmdet_m_8xb32-300e_coco.py,0.023744978121857146,0.7191111111111111,0.42333856619570903,0.5329380764163373;
500,0,0.1,50,rtmdet_s_8xb32-300e_coco.py,0.019660558811453885,0.7927308447937131,0.42229199372056514,0.5510413110276544;
500,0,0.1,50,rtmdet_tiny_8xb32-300e_coco.py,0.01808079651423863,0.7851959361393324,0.28309785452642594,0.41615384615384615;
500,0,0.3,10,rtmdet_x_8xb32-300e_coco.py,0.054845603831085096,0.7085755813953488,0.5102040816326531,0.5932461210830545;
500,0,0.3,10,rtmdet_l_8xb32-300e_coco.py,0.03504763099382509,0.7193605683836589,0.423861852433281,0.5334211392821864;
500,0,0.3,10,rtmdet_m_8xb32-300e_coco.py,0.02211159823545769,0.7316849816849816,0.4181057038199895,0.5321345321345322;
500,0,0.3,10,rtmdet_s_8xb32-300e_coco.py,0.017704513645911402,0.794383149448345,0.41444270015698587,0.5447042640990372;
500,0,0.3,10,rtmdet_tiny_8xb32-300e_coco.py,0.016761629709175656,0.7868613138686131,0.28205128205128205,0.41525423728813554;
500,0,0.3,25,rtmdet_x_8xb32-300e_coco.py,0.054150366521143654,0.7011019283746557,0.532705389848247,0.6054118346714243;
500,0,0.3,25,rtmdet_l_8xb32-300e_coco.py,0.03410750694994657,0.7129228100607112,0.4301412872841444,0.5365535248041775;
500,0,0.3,25,rtmdet_m_8xb32-300e_coco.py,0.021673477407711656,0.7191111111111111,0.42333856619570903,0.5329380764163373;
500,0,0.3,25,rtmdet_s_8xb32-300e_coco.py,0.01745457981908044,0.7927308447937131,0.42229199372056514,0.5510413110276544;
500,0,0.3,25,rtmdet_tiny_8xb32-300e_coco.py,0.01709077081509999,0.7851959361393324,0.28309785452642594,0.41615384615384615;
500,0,0.3,50,rtmdet_x_8xb32-300e_coco.py,0.0540996348901546,0.7011019283746557,0.532705389848247,0.6054118346714243;
500,0,0.3,50,rtmdet_l_8xb32-300e_coco.py,0.03422594970127322,0.7129228100607112,0.4301412872841444,0.5365535248041775;
500,0,0.3,50,rtmdet_m_8xb32-300e_coco.py,0.021735899483979637,0.7191111111111111,0.42333856619570903,0.5329380764163373;
500,0,0.3,50,rtmdet_s_8xb32-300e_coco.py,0.017474881438321845,0.7927308447937131,0.42229199372056514,0.5510413110276544;
500,0,0.3,50,rtmdet_tiny_8xb32-300e_coco.py,0.01656829459326608,0.7851959361393324,0.28309785452642594,0.41615384615384615;
500,0,0.5,10,rtmdet_x_8xb32-300e_coco.py,0.054285416236290567,0.7085755813953488,0.5102040816326531,0.5932461210830545;
500,0,0.5,10,rtmdet_l_8xb32-300e_coco.py,0.034241410921204765,0.7193605683836589,0.423861852433281,0.5334211392821864;
500,0,0.5,10,rtmdet_m_8xb32-300e_coco.py,0.021599468900196588,0.7316849816849816,0.4181057038199895,0.5321345321345322;
500,0,0.5,10,rtmdet_s_8xb32-300e_coco.py,0.017305036847905596,0.794383149448345,0.41444270015698587,0.5447042640990372;
500,0,0.5,10,rtmdet_tiny_8xb32-300e_coco.py,0.016701320452349528,0.7868613138686131,0.28205128205128205,0.41525423728813554;
500,0,0.5,25,rtmdet_x_8xb32-300e_coco.py,0.05429212339631804,0.7011019283746557,0.532705389848247,0.6054118346714243;
500,0,0.5,25,rtmdet_l_8xb32-300e_coco.py,0.03422871085832704,0.7129228100607112,0.4301412872841444,0.5365535248041775;
500,0,0.5,25,rtmdet_m_8xb32-300e_coco.py,0.02153547753149004,0.7191111111111111,0.42333856619570903,0.5329380764163373;
500,0,0.5,25,rtmdet_s_8xb32-300e_coco.py,0.017501409663710485,0.7927308447937131,0.42229199372056514,0.5510413110276544;
500,0,0.5,25,rtmdet_tiny_8xb32-300e_coco.py,0.01657284902674811,0.7851959361393324,0.28309785452642594,0.41615384615384615;
500,0,0.5,50,rtmdet_x_8xb32-300e_coco.py,0.05411079078366905,0.7011019283746557,0.532705389848247,0.6054118346714243;
500,0,0.5,50,rtmdet_l_8xb32-300e_coco.py,0.03433764115819391,0.7129228100607112,0.4301412872841444,0.5365535248041775;
500,0,0.5,50,rtmdet_m_8xb32-300e_coco.py,0.021465012386663637,0.7191111111111111,0.42333856619570903,0.5329380764163373;
500,0,0.5,50,rtmdet_s_8xb32-300e_coco.py,0.017455675805261892,0.7927308447937131,0.42229199372056514,0.5510413110276544;
500,0,0.5,50,rtmdet_tiny_8xb32-300e_coco.py,0.01669792937380927,0.7851959361393324,0.28309785452642594,0.41615384615384615;
500,10,0.1,10,rtmdet_x_8xb32-300e_coco.py,0.054617518470400854,0.7106413994169096,0.5102040816326531,0.5939689308559245;
500,10,0.1,10,rtmdet_l_8xb32-300e_coco.py,0.03456102767080631,0.7193605683836589,0.423861852433281,0.5334211392821864;
500,10,0.1,10,rtmdet_m_8xb32-300e_coco.py,0.022378341475529456,0.7316849816849816,0.4181057038199895,0.5321345321345322;
500,10,0.1,10,rtmdet_s_8xb32-300e_coco.py,0.018022272937981657,0.794383149448345,0.41444270015698587,0.5447042640990372;
500,10,0.1,10,rtmdet_tiny_8xb32-300e_coco.py,0.01718432136944362,0.7868613138686131,0.28205128205128205,0.41525423728813554;
500,10,0.1,25,rtmdet_x_8xb32-300e_coco.py,0.05465382446736206,0.7030386740331491,0.532705389848247,0.6061327776123846;
500,10,0.1,25,rtmdet_l_8xb32-300e_coco.py,0.03452404220149202,0.7129228100607112,0.4301412872841444,0.5365535248041775;
500,10,0.1,25,rtmdet_m_8xb32-300e_coco.py,0.02211140429795678,0.7197508896797153,0.42333856619570903,0.5331136738056014;
500,10,0.1,25,rtmdet_s_8xb32-300e_coco.py,0.017701355061789815,0.7927308447937131,0.42229199372056514,0.5510413110276544;
500,10,0.1,25,rtmdet_tiny_8xb32-300e_coco.py,0.017159569476331984,0.7851959361393324,0.28309785452642594,0.41615384615384615;
500,10,0.1,50,rtmdet_x_8xb32-300e_coco.py,0.05447048756665799,0.7030386740331491,0.532705389848247,0.6061327776123846;
500,10,0.1,50,rtmdet_l_8xb32-300e_coco.py,0.03446602011626621,0.7129228100607112,0.4301412872841444,0.5365535248041775;
500,10,0.1,50,rtmdet_m_8xb32-300e_coco.py,0.02193958100987904,0.7197508896797153,0.42333856619570903,0.5331136738056014;
500,10,0.1,50,rtmdet_s_8xb32-300e_coco.py,0.01800113870191944,0.7927308447937131,0.42229199372056514,0.5510413110276544;
500,10,0.1,50,rtmdet_tiny_8xb32-300e_coco.py,0.017022584165845598,0.7851959361393324,0.28309785452642594,0.41615384615384615;
500,10,0.3,10,rtmdet_x_8xb32-300e_coco.py,0.054274385228698506,0.7106413994169096,0.5102040816326531,0.5939689308559245;
500,10,0.3,10,rtmdet_l_8xb32-300e_coco.py,0.034337953351578625,0.7193605683836589,0.423861852433281,0.5334211392821864;
500,10,0.3,10,rtmdet_m_8xb32-300e_coco.py,0.02171394985113571,0.7316849816849816,0.4181057038199895,0.5321345321345322;
500,10,0.3,10,rtmdet_s_8xb32-300e_coco.py,0.01761994620626287,0.794383149448345,0.41444270015698587,0.5447042640990372;
500,10,0.3,10,rtmdet_tiny_8xb32-300e_coco.py,0.016732397888387953,0.7868613138686131,0.28205128205128205,0.41525423728813554;
500,10,0.3,25,rtmdet_x_8xb32-300e_coco.py,0.05426804224650065,0.7030386740331491,0.532705389848247,0.6061327776123846;
500,10,0.3,25,rtmdet_l_8xb32-300e_coco.py,0.034235910199723156,0.7129228100607112,0.4301412872841444,0.5365535248041775;
500,10,0.3,25,rtmdet_m_8xb32-300e_coco.py,0.02179212445643411,0.7197508896797153,0.42333856619570903,0.5331136738056014;
500,10,0.3,25,rtmdet_s_8xb32-300e_coco.py,0.01785307244737019,0.7927308447937131,0.42229199372056514,0.5510413110276544;
500,10,0.3,25,rtmdet_tiny_8xb32-300e_coco.py,0.017033479043415616,0.7851959361393324,0.28309785452642594,0.41615384615384615;
500,10,0.3,50,rtmdet_x_8xb32-300e_coco.py,0.05421168288905105,0.7030386740331491,0.532705389848247,0.6061327776123846;
500,10,0.3,50,rtmdet_l_8xb32-300e_coco.py,0.034280460285690595,0.7129228100607112,0.4301412872841444,0.5365535248041775;
500,10,0.3,50,rtmdet_m_8xb32-300e_coco.py,0.02171672724965793,0.7197508896797153,0.42333856619570903,0.5331136738056014;
500,10,0.3,50,rtmdet_s_8xb32-300e_coco.py,0.017563178557758182,0.7927308447937131,0.42229199372056514,0.5510413110276544;
500,10,0.3,50,rtmdet_tiny_8xb32-300e_coco.py,0.01682939167533602,0.7851959361393324,0.28309785452642594,0.41615384615384615;
500,10,0.5,10,rtmdet_x_8xb32-300e_coco.py,0.05418026578295362,0.7106413994169096,0.5102040816326531,0.5939689308559245;
500,10,0.5,10,rtmdet_l_8xb32-300e_coco.py,0.03424471009452388,0.7193605683836589,0.423861852433281,0.5334211392821864;
500,10,0.5,10,rtmdet_m_8xb32-300e_coco.py,0.021763746418170075,0.7316849816849816,0.4181057038199895,0.5321345321345322;
500,10,0.5,10,rtmdet_s_8xb32-300e_coco.py,0.01752744719039562,0.794383149448345,0.41444270015698587,0.5447042640990372;
500,10,0.5,10,rtmdet_tiny_8xb32-300e_coco.py,0.016904673406055996,0.7868613138686131,0.28205128205128205,0.41525423728813554;
500,10,0.5,25,rtmdet_x_8xb32-300e_coco.py,0.05425834743094532,0.7030386740331491,0.532705389848247,0.6061327776123846;
500,10,0.5,25,rtmdet_l_8xb32-300e_coco.py,0.03427920161553149,0.7129228100607112,0.4301412872841444,0.5365535248041775;
500,10,0.5,25,rtmdet_m_8xb32-300e_coco.py,0.02166743153956399,0.7197508896797153,0.42333856619570903,0.5331136738056014;
500,10,0.5,25,rtmdet_s_8xb32-300e_coco.py,0.017665614453397056,0.7927308447937131,0.42229199372056514,0.5510413110276544;
500,10,0.5,25,rtmdet_tiny_8xb32-300e_coco.py,0.01687337671007429,0.7851959361393324,0.28309785452642594,0.41615384615384615;
500,10,0.5,50,rtmdet_x_8xb32-300e_coco.py,0.054200797727256465,0.7030386740331491,0.532705389848247,0.6061327776123846;
500,10,0.5,50,rtmdet_l_8xb32-300e_coco.py,0.03426311510913777,0.7129228100607112,0.4301412872841444,0.5365535248041775;
500,10,0.5,50,rtmdet_m_8xb32-300e_coco.py,0.02160534129213931,0.7197508896797153,0.42333856619570903,0.5331136738056014;
500,10,0.5,50,rtmdet_s_8xb32-300e_coco.py,0.017463651738425557,0.7927308447937131,0.42229199372056514,0.5510413110276544;
500,10,0.5,50,rtmdet_tiny_8xb32-300e_coco.py,0.016546558056558882,0.7851959361393324,0.28309785452642594,0.41615384615384615;
500,25,0.1,10,rtmdet_x_8xb32-300e_coco.py,0.054575329317766076,0.7290322580645161,0.4730507587650445,0.5737860996509044;
500,25,0.1,10,rtmdet_l_8xb32-300e_coco.py,0.034835308562708264,0.738255033557047,0.40293040293040294,0.5213270142180095;
500,25,0.1,10,rtmdet_m_8xb32-300e_coco.py,0.02214723758483201,0.7447236180904523,0.3877551020408163,0.509979353062629;
500,25,0.1,10,rtmdet_s_8xb32-300e_coco.py,0.01819179104823692,0.8032258064516129,0.39089481946624804,0.5258711721224921;
500,25,0.1,10,rtmdet_tiny_8xb32-300e_coco.py,0.01696927330710671,0.7933227344992051,0.261119832548404,0.39291338582677166;
500,25,0.1,25,rtmdet_x_8xb32-300e_coco.py,0.05447348864639506,0.7238394964594808,0.48142333856619574,0.5782526712759272;
500,25,0.1,25,rtmdet_l_8xb32-300e_coco.py,0.03455200450110982,0.7322611163670766,0.4050235478806907,0.5215633423180593;
500,25,0.1,25,rtmdet_m_8xb32-300e_coco.py,0.022026203098368554,0.7386138613861386,0.39037153322867607,0.5107839780896953;
500,25,0.1,25,rtmdet_s_8xb32-300e_coco.py,0.01762528325997147,0.8,0.3935112506541078,0.5275341985268327;
500,25,0.1,25,rtmdet_tiny_8xb32-300e_coco.py,0.017171190001747823,0.7923930269413629,0.2616431187859759,0.3933910306845004;
500,25,0.1,50,rtmdet_x_8xb32-300e_coco.py,0.05452171143363504,0.7238394964594808,0.48142333856619574,0.5782526712759272;
500,25,0.1,50,rtmdet_l_8xb32-300e_coco.py,0.034562875296323355,0.7322611163670766,0.4050235478806907,0.5215633423180593;
500,25,0.1,50,rtmdet_m_8xb32-300e_coco.py,0.02185788672515069,0.7386138613861386,0.39037153322867607,0.5107839780896953;
500,25,0.1,50,rtmdet_s_8xb32-300e_coco.py,0.01828647314333448,0.8,0.3935112506541078,0.5275341985268327;
500,25,0.1,50,rtmdet_tiny_8xb32-300e_coco.py,0.01717218810861761,0.7923930269413629,0.2616431187859759,0.3933910306845004;
500,25,0.3,10,rtmdet_x_8xb32-300e_coco.py,0.05439413470380446,0.7290322580645161,0.4730507587650445,0.5737860996509044;
500,25,0.3,10,rtmdet_l_8xb32-300e_coco.py,0.034383213247051674,0.738255033557047,0.40293040293040294,0.5213270142180095;
500,25,0.3,10,rtmdet_m_8xb32-300e_coco.py,0.021828793407825942,0.7447236180904523,0.3877551020408163,0.509979353062629;
500,25,0.3,10,rtmdet_s_8xb32-300e_coco.py,0.017692020827648685,0.8032258064516129,0.39089481946624804,0.5258711721224921;
500,25,0.3,10,rtmdet_tiny_8xb32-300e_coco.py,0.01693655794317072,0.7933227344992051,0.261119832548404,0.39291338582677166;
500,25,0.3,25,rtmdet_x_8xb32-300e_coco.py,0.05448825219098259,0.7238394964594808,0.48142333856619574,0.5782526712759272;
500,25,0.3,25,rtmdet_l_8xb32-300e_coco.py,0.03443225376478588,0.7322611163670766,0.4050235478806907,0.5215633423180593;
500,25,0.3,25,rtmdet_m_8xb32-300e_coco.py,0.02191737350006675,0.7386138613861386,0.39037153322867607,0.5107839780896953;
500,25,0.3,25,rtmdet_s_8xb32-300e_coco.py,0.01783445021685432,0.8,0.3935112506541078,0.5275341985268327;
500,25,0.3,25,rtmdet_tiny_8xb32-300e_coco.py,0.01691200082952326,0.7923930269413629,0.2616431187859759,0.3933910306845004;
500,25,0.3,50,rtmdet_x_8xb32-300e_coco.py,0.054403706508524274,0.7238394964594808,0.48142333856619574,0.5782526712759272;
500,25,0.3,50,rtmdet_l_8xb32-300e_coco.py,0.0344973620567613,0.7322611163670766,0.4050235478806907,0.5215633423180593;
500,25,0.3,50,rtmdet_m_8xb32-300e_coco.py,0.021923200021522322,0.7386138613861386,0.39037153322867607,0.5107839780896953;
500,25,0.3,50,rtmdet_s_8xb32-300e_coco.py,0.018057324839573282,0.8,0.3935112506541078,0.5275341985268327;
500,25,0.3,50,rtmdet_tiny_8xb32-300e_coco.py,0.017083529992537066,0.7923930269413629,0.2616431187859759,0.3933910306845004;
500,25,0.5,10,rtmdet_x_8xb32-300e_coco.py,0.054400144254460055,0.7290322580645161,0.4730507587650445,0.5737860996509044;
500,25,0.5,10,rtmdet_l_8xb32-300e_coco.py,0.03413529796454743,0.738255033557047,0.40293040293040294,0.5213270142180095;
500,25,0.5,10,rtmdet_m_8xb32-300e_coco.py,0.021908620770057934,0.7447236180904523,0.3877551020408163,0.509979353062629;
500,25,0.5,10,rtmdet_s_8xb32-300e_coco.py,0.01774426909054027,0.8032258064516129,0.39089481946624804,0.5258711721224921;
500,25,0.5,10,rtmdet_tiny_8xb32-300e_coco.py,0.016946065425872802,0.7933227344992051,0.261119832548404,0.39291338582677166;
500,25,0.5,25,rtmdet_x_8xb32-300e_coco.py,0.05439261653844048,0.7238394964594808,0.48142333856619574,0.5782526712759272;
500,25,0.5,25,rtmdet_l_8xb32-300e_coco.py,0.034191762218038546,0.7322611163670766,0.4050235478806907,0.5215633423180593;
500,25,0.5,25,rtmdet_m_8xb32-300e_coco.py,0.02168025059646435,0.7386138613861386,0.39037153322867607,0.5107839780896953;
500,25,0.5,25,rtmdet_s_8xb32-300e_coco.py,0.01767300156986012,0.8,0.3935112506541078,0.5275341985268327;
500,25,0.5,25,rtmdet_tiny_8xb32-300e_coco.py,0.01686646288091486,0.7923930269413629,0.2616431187859759,0.3933910306845004;
500,25,0.5,50,rtmdet_x_8xb32-300e_coco.py,0.05431245092083426,0.7238394964594808,0.48142333856619574,0.5782526712759272;
500,25,0.5,50,rtmdet_l_8xb32-300e_coco.py,0.03440450075018497,0.7322611163670766,0.4050235478806907,0.5215633423180593;
500,25,0.5,50,rtmdet_m_8xb32-300e_coco.py,0.02188803462053506,0.7386138613861386,0.39037153322867607,0.5107839780896953;
500,25,0.5,50,rtmdet_s_8xb32-300e_coco.py,0.017436579161999272,0.8,0.3935112506541078,0.5275341985268327;
500,25,0.5,50,rtmdet_tiny_8xb32-300e_coco.py,0.016591033068570224,0.7923930269413629,0.2616431187859759,0.3933910306845004;
1000,0,0.1,10,rtmdet_x_8xb32-300e_coco.py,0.054255247989417,0.7085755813953488,0.5102040816326531,0.5932461210830545;
1000,0,0.1,10,rtmdet_l_8xb32-300e_coco.py,0.034312438065150996,0.7193605683836589,0.423861852433281,0.5334211392821864;
1000,0,0.1,10,rtmdet_m_8xb32-300e_coco.py,0.02170817620718657,0.7316849816849816,0.4181057038199895,0.5321345321345322;
1000,0,0.1,10,rtmdet_s_8xb32-300e_coco.py,0.017971807672071828,0.794383149448345,0.41444270015698587,0.5447042640990372;
1000,0,0.1,10,rtmdet_tiny_8xb32-300e_coco.py,0.017001589494092122,0.7868613138686131,0.28205128205128205,0.41525423728813554;
1000,0,0.1,25,rtmdet_x_8xb32-300e_coco.py,0.05418255564930675,0.7011019283746557,0.532705389848247,0.6054118346714243;
1000,0,0.1,25,rtmdet_l_8xb32-300e_coco.py,0.03451169841694382,0.7129228100607112,0.4301412872841444,0.5365535248041775;
1000,0,0.1,25,rtmdet_m_8xb32-300e_coco.py,0.021642485661293145,0.7191111111111111,0.42333856619570903,0.5329380764163373;
1000,0,0.1,25,rtmdet_s_8xb32-300e_coco.py,0.017432642537494037,0.7927308447937131,0.42229199372056514,0.5510413110276544;
1000,0,0.1,25,rtmdet_tiny_8xb32-300e_coco.py,0.016931649829660143,0.7851959361393324,0.28309785452642594,0.41615384615384615;
1000,0,0.1,50,rtmdet_x_8xb32-300e_coco.py,0.05433540117172968,0.7011019283746557,0.532705389848247,0.6054118346714243;
1000,0,0.1,50,rtmdet_l_8xb32-300e_coco.py,0.03423955665444428,0.7129228100607112,0.4301412872841444,0.5365535248041775;
1000,0,0.1,50,rtmdet_m_8xb32-300e_coco.py,0.021722630778355383,0.7191111111111111,0.42333856619570903,0.5329380764163373;
1000,0,0.1,50,rtmdet_s_8xb32-300e_coco.py,0.017610418704129004,0.7927308447937131,0.42229199372056514,0.5510413110276544;
1000,0,0.1,50,rtmdet_tiny_8xb32-300e_coco.py,0.017027269516672407,0.7851959361393324,0.28309785452642594,0.41615384615384615;
1000,0,0.3,10,rtmdet_x_8xb32-300e_coco.py,0.05432258420811468,0.7085755813953488,0.5102040816326531,0.5932461210830545;
1000,0,0.3,10,rtmdet_l_8xb32-300e_coco.py,0.03417356059236346,0.7193605683836589,0.423861852433281,0.5334211392821864;
1000,0,0.3,10,rtmdet_m_8xb32-300e_coco.py,0.021531081021721684,0.7316849816849816,0.4181057038199895,0.5321345321345322;
1000,0,0.3,10,rtmdet_s_8xb32-300e_coco.py,0.01761206637981326,0.794383149448345,0.41444270015698587,0.5447042640990372;
1000,0,0.3,10,rtmdet_tiny_8xb32-300e_coco.py,0.016742425305502757,0.7868613138686131,0.28205128205128205,0.41525423728813554;
1000,0,0.3,25,rtmdet_x_8xb32-300e_coco.py,0.05431963235904009,0.7011019283746557,0.532705389848247,0.6054118346714243;
1000,0,0.3,25,rtmdet_l_8xb32-300e_coco.py,0.03411797307572275,0.7129228100607112,0.4301412872841444,0.5365535248041775;
1000,0,0.3,25,rtmdet_m_8xb32-300e_coco.py,0.021637344538275875,0.7191111111111111,0.42333856619570903,0.5329380764163373;
1000,0,0.3,25,rtmdet_s_8xb32-300e_coco.py,0.017539213794146396,0.7927308447937131,0.42229199372056514,0.5510413110276544;
1000,0,0.3,25,rtmdet_tiny_8xb32-300e_coco.py,0.016727441123553684,0.7851959361393324,0.28309785452642594,0.41615384615384615;
1000,0,0.3,50,rtmdet_x_8xb32-300e_coco.py,0.05417964048001356,0.7011019283746557,0.532705389848247,0.6054118346714243;
1000,0,0.3,50,rtmdet_l_8xb32-300e_coco.py,0.034155777265440744,0.7129228100607112,0.4301412872841444,0.5365535248041775;
1000,0,0.3,50,rtmdet_m_8xb32-300e_coco.py,0.021580228165014467,0.7191111111111111,0.42333856619570903,0.5329380764163373;
1000,0,0.3,50,rtmdet_s_8xb32-300e_coco.py,0.017548158187274784,0.7927308447937131,0.42229199372056514,0.5510413110276544;
1000,0,0.3,50,rtmdet_tiny_8xb32-300e_coco.py,0.016815187675612315,0.7851959361393324,0.28309785452642594,0.41615384615384615;
1000,0,0.5,10,rtmdet_x_8xb32-300e_coco.py,0.05400138285570529,0.7085755813953488,0.5102040816326531,0.5932461210830545;
1000,0,0.5,10,rtmdet_l_8xb32-300e_coco.py,0.03430650998961251,0.7193605683836589,0.423861852433281,0.5334211392821864;
1000,0,0.5,10,rtmdet_m_8xb32-300e_coco.py,0.02186722186074328,0.7316849816849816,0.4181057038199895,0.5321345321345322;
1000,0,0.5,10,rtmdet_s_8xb32-300e_coco.py,0.017994778100834337,0.794383149448345,0.41444270015698587,0.5447042640990372;
1000,0,0.5,10,rtmdet_tiny_8xb32-300e_coco.py,0.016878806054592133,0.7868613138686131,0.28205128205128205,0.41525423728813554;
1000,0,0.5,25,rtmdet_x_8xb32-300e_coco.py,0.054125205937759345,0.7011019283746557,0.532705389848247,0.6054118346714243;
1000,0,0.5,25,rtmdet_l_8xb32-300e_coco.py,0.03410422936925348,0.7129228100607112,0.4301412872841444,0.5365535248041775;
1000,0,0.5,25,rtmdet_m_8xb32-300e_coco.py,0.02179301140913323,0.7191111111111111,0.42333856619570903,0.5329380764163373;
1000,0,0.5,25,rtmdet_s_8xb32-300e_coco.py,0.0176900024561919,0.7927308447937131,0.42229199372056514,0.5510413110276544;
1000,0,0.5,25,rtmdet_tiny_8xb32-300e_coco.py,0.01664881088903972,0.7851959361393324,0.28309785452642594,0.41615384615384615;
1000,0,0.5,50,rtmdet_x_8xb32-300e_coco.py,0.054076579900888294,0.7011019283746557,0.532705389848247,0.6054118346714243;
1000,0,0.5,50,rtmdet_l_8xb32-300e_coco.py,0.03419220042678545,0.7129228100607112,0.4301412872841444,0.5365535248041775;
1000,0,0.5,50,rtmdet_m_8xb32-300e_coco.py,0.02181010281861718,0.7191111111111111,0.42333856619570903,0.5329380764163373;
1000,0,0.5,50,rtmdet_s_8xb32-300e_coco.py,0.017843012661896935,0.7927308447937131,0.42229199372056514,0.5510413110276544;
1000,0,0.5,50,rtmdet_tiny_8xb32-300e_coco.py,0.017186628920691355,0.7851959361393324,0.28309785452642594,0.41615384615384615;
1000,10,0.1,10,rtmdet_x_8xb32-300e_coco.py,0.05456225426642449,0.7106413994169096,0.5102040816326531,0.5939689308559245;
1000,10,0.1,10,rtmdet_l_8xb32-300e_coco.py,0.03452344480550514,0.7193605683836589,0.423861852433281,0.5334211392821864;
1000,10,0.1,10,rtmdet_m_8xb32-300e_coco.py,0.022021587215252776,0.7316849816849816,0.4181057038199895,0.5321345321345322;
1000,10,0.1,10,rtmdet_s_8xb32-300e_coco.py,0.01783156210137892,0.794383149448345,0.41444270015698587,0.5447042640990372;
1000,10,0.1,10,rtmdet_tiny_8xb32-300e_coco.py,0.017129663910184587,0.7868613138686131,0.28205128205128205,0.41525423728813554;
1000,10,0.1,25,rtmdet_x_8xb32-300e_coco.py,0.054462673899891616,0.7030386740331491,0.532705389848247,0.6061327776123846;
1000,10,0.1,25,rtmdet_l_8xb32-300e_coco.py,0.03463245067956312,0.7129228100607112,0.4301412872841444,0.5365535248041775;
1000,10,0.1,25,rtmdet_m_8xb32-300e_coco.py,0.02205482881460617,0.7197508896797153,0.42333856619570903,0.5331136738056014;
1000,10,0.1,25,rtmdet_s_8xb32-300e_coco.py,0.01832320061764976,0.7927308447937131,0.42229199372056514,0.5510413110276544;
1000,10,0.1,25,rtmdet_tiny_8xb32-300e_coco.py,0.017596581152507236,0.7851959361393324,0.28309785452642594,0.41615384615384615;
1000,10,0.1,50,rtmdet_x_8xb32-300e_coco.py,0.05449619922009143,0.7030386740331491,0.532705389848247,0.6061327776123846;
1000,10,0.1,50,rtmdet_l_8xb32-300e_coco.py,0.03474872247228083,0.7129228100607112,0.4301412872841444,0.5365535248041775;
1000,10,0.1,50,rtmdet_m_8xb32-300e_coco.py,0.021880012839587768,0.7197508896797153,0.42333856619570903,0.5331136738056014;
1000,10,0.1,50,rtmdet_s_8xb32-300e_coco.py,0.018018404642740887,0.7927308447937131,0.42229199372056514,0.5510413110276544;
1000,10,0.1,50,rtmdet_tiny_8xb32-300e_coco.py,0.017499216965266635,0.7851959361393324,0.28309785452642594,0.41615384615384615;
1000,10,0.3,10,rtmdet_x_8xb32-300e_coco.py,0.05434385586134243,0.7106413994169096,0.5102040816326531,0.5939689308559245;
1000,10,0.3,10,rtmdet_l_8xb32-300e_coco.py,0.034286799520816445,0.7193605683836589,0.423861852433281,0.5334211392821864;
1000,10,0.3,10,rtmdet_m_8xb32-300e_coco.py,0.021795880438676522,0.7316849816849816,0.4181057038199895,0.5321345321345322;
1000,10,0.3,10,rtmdet_s_8xb32-300e_coco.py,0.01742864209552144,0.794383149448345,0.41444270015698587,0.5447042640990372;
1000,10,0.3,10,rtmdet_tiny_8xb32-300e_coco.py,0.016686077628816878,0.7868613138686131,0.28205128205128205,0.41525423728813554;
1000,10,0.3,25,rtmdet_x_8xb32-300e_coco.py,0.05432686002263219,0.7030386740331491,0.532705389848247,0.6061327776123846;
1000,10,0.3,25,rtmdet_l_8xb32-300e_coco.py,0.03424237629152694,0.7129228100607112,0.4301412872841444,0.5365535248041775;
1000,10,0.3,25,rtmdet_m_8xb32-300e_coco.py,0.021850254108656698,0.7197508896797153,0.42333856619570903,0.5331136738056014;
1000,10,0.3,25,rtmdet_s_8xb32-300e_coco.py,0.017570778380992802,0.7927308447937131,0.42229199372056514,0.5510413110276544;
1000,10,0.3,25,rtmdet_tiny_8xb32-300e_coco.py,0.016776055097579956,0.7851959361393324,0.28309785452642594,0.41615384615384615;
1000,10,0.3,50,rtmdet_x_8xb32-300e_coco.py,0.054277380744179524,0.7030386740331491,0.532705389848247,0.6061327776123846;
1000,10,0.3,50,rtmdet_l_8xb32-300e_coco.py,0.0342991810924602,0.7129228100607112,0.4301412872841444,0.5365535248041775;
1000,10,0.3,50,rtmdet_m_8xb32-300e_coco.py,0.021584820391526864,0.7197508896797153,0.42333856619570903,0.5331136738056014;
1000,10,0.3,50,rtmdet_s_8xb32-300e_coco.py,0.017505934996198316,0.7927308447937131,0.42229199372056514,0.5510413110276544;
1000,10,0.3,50,rtmdet_tiny_8xb32-300e_coco.py,0.016626280333314623,0.7851959361393324,0.28309785452642594,0.41615384615384615;
1000,10,0.5,10,rtmdet_x_8xb32-300e_coco.py,0.05405323409335517,0.7106413994169096,0.5102040816326531,0.5939689308559245;
1000,10,0.5,10,rtmdet_l_8xb32-300e_coco.py,0.03407793494890321,0.7193605683836589,0.423861852433281,0.5334211392821864;
1000,10,0.5,10,rtmdet_m_8xb32-300e_coco.py,0.02165345914328276,0.7316849816849816,0.4181057038199895,0.5321345321345322;
1000,10,0.5,10,rtmdet_s_8xb32-300e_coco.py,0.017461854358052097,0.794383149448345,0.41444270015698587,0.5447042640990372;
1000,10,0.5,10,rtmdet_tiny_8xb32-300e_coco.py,0.016657752650124685,0.7868613138686131,0.28205128205128205,0.41525423728813554;
1000,10,0.5,25,rtmdet_x_8xb32-300e_coco.py,0.054217266949105176,0.7030386740331491,0.532705389848247,0.6061327776123846;
1000,10,0.5,25,rtmdet_l_8xb32-300e_coco.py,0.03408863589448749,0.7129228100607112,0.4301412872841444,0.5365535248041775;
1000,10,0.5,25,rtmdet_m_8xb32-300e_coco.py,0.021633736233213054,0.7197508896797153,0.42333856619570903,0.5331136738056014;
1000,10,0.5,25,rtmdet_s_8xb32-300e_coco.py,0.01755857744882273,0.7927308447937131,0.42229199372056514,0.5510413110276544;
1000,10,0.5,25,rtmdet_tiny_8xb32-300e_coco.py,0.016977622040680478,0.7851959361393324,0.28309785452642594,0.41615384615384615;
1000,10,0.5,50,rtmdet_x_8xb32-300e_coco.py,0.05412671417543739,0.7030386740331491,0.532705389848247,0.6061327776123846;
1000,10,0.5,50,rtmdet_l_8xb32-300e_coco.py,0.03417434062597886,0.7129228100607112,0.4301412872841444,0.5365535248041775;
1000,10,0.5,50,rtmdet_m_8xb32-300e_coco.py,0.021610433485970568,0.7197508896797153,0.42333856619570903,0.5331136738056014;
1000,10,0.5,50,rtmdet_s_8xb32-300e_coco.py,0.01765723561131677,0.7927308447937131,0.42229199372056514,0.5510413110276544;
1000,10,0.5,50,rtmdet_tiny_8xb32-300e_coco.py,0.01662284242255347,0.7851959361393324,0.28309785452642594,0.41615384615384615;
1000,25,0.1,10,rtmdet_x_8xb32-300e_coco.py,0.05456515533082625,0.7290322580645161,0.4730507587650445,0.5737860996509044;
1000,25,0.1,10,rtmdet_l_8xb32-300e_coco.py,0.034548802230194325,0.738255033557047,0.40293040293040294,0.5213270142180095;
1000,25,0.1,10,rtmdet_m_8xb32-300e_coco.py,0.022046755315659198,0.7447236180904523,0.3877551020408163,0.509979353062629;
1000,25,0.1,10,rtmdet_s_8xb32-300e_coco.py,0.018135954351986155,0.8032258064516129,0.39089481946624804,0.5258711721224921;
1000,25,0.1,10,rtmdet_tiny_8xb32-300e_coco.py,0.0174423792145469,0.7933227344992051,0.261119832548404,0.39291338582677166;
1000,25,0.1,25,rtmdet_x_8xb32-300e_coco.py,0.054595072479809034,0.7238394964594808,0.48142333856619574,0.5782526712759272;
1000,25,0.1,25,rtmdet_l_8xb32-300e_coco.py,0.03454846917217924,0.7322611163670766,0.4050235478806907,0.5215633423180593;
1000,25,0.1,25,rtmdet_m_8xb32-300e_coco.py,0.0219951845733414,0.7386138613861386,0.39037153322867607,0.5107839780896953;
1000,25,0.1,25,rtmdet_s_8xb32-300e_coco.py,0.017943656210805854,0.8,0.3935112506541078,0.5275341985268327;
1000,25,0.1,25,rtmdet_tiny_8xb32-300e_coco.py,0.01715758063576438,0.7923930269413629,0.2616431187859759,0.3933910306845004;
1000,25,0.1,50,rtmdet_x_8xb32-300e_coco.py,0.05443510763785418,0.7238394964594808,0.48142333856619574,0.5782526712759272;
1000,25,0.1,50,rtmdet_l_8xb32-300e_coco.py,0.034495232669451766,0.7322611163670766,0.4050235478806907,0.5215633423180593;
1000,25,0.1,50,rtmdet_m_8xb32-300e_coco.py,0.022108012817325662,0.7386138613861386,0.39037153322867607,0.5107839780896953;
1000,25,0.1,50,rtmdet_s_8xb32-300e_coco.py,0.01805443015753054,0.8,0.3935112506541078,0.5275341985268327;
1000,25,0.1,50,rtmdet_tiny_8xb32-300e_coco.py,0.017254542220722546,0.7923930269413629,0.2616431187859759,0.3933910306845004;
1000,25,0.3,10,rtmdet_x_8xb32-300e_coco.py,0.05448214972720427,0.7290322580645161,0.4730507587650445,0.5737860996509044;
1000,25,0.3,10,rtmdet_l_8xb32-300e_coco.py,0.034766799620999635,0.738255033557047,0.40293040293040294,0.5213270142180095;
1000,25,0.3,10,rtmdet_m_8xb32-300e_coco.py,0.02189000090409754,0.7447236180904523,0.3877551020408163,0.509979353062629;
1000,25,0.3,10,rtmdet_s_8xb32-300e_coco.py,0.017737593370325426,0.8032258064516129,0.39089481946624804,0.5258711721224921;
1000,25,0.3,10,rtmdet_tiny_8xb32-300e_coco.py,0.017011535167694092,0.7933227344992051,0.261119832548404,0.39291338582677166;
1000,25,0.3,25,rtmdet_x_8xb32-300e_coco.py,0.05442688833264744,0.7238394964594808,0.48142333856619574,0.5782526712759272;
1000,25,0.3,25,rtmdet_l_8xb32-300e_coco.py,0.034437305144681275,0.7322611163670766,0.4050235478806907,0.5215633423180593;
1000,25,0.3,25,rtmdet_m_8xb32-300e_coco.py,0.021965817119298358,0.7386138613861386,0.39037153322867607,0.5107839780896953;
1000,25,0.3,25,rtmdet_s_8xb32-300e_coco.py,0.01762566566467285,0.8,0.3935112506541078,0.5275341985268327;
1000,25,0.3,25,rtmdet_tiny_8xb32-300e_coco.py,0.016956199299205433,0.7923930269413629,0.2616431187859759,0.3933910306845004;
1000,25,0.3,50,rtmdet_x_8xb32-300e_coco.py,0.05443294171024771,0.7238394964594808,0.48142333856619574,0.5782526712759272;
1000,25,0.3,50,rtmdet_l_8xb32-300e_coco.py,0.034594614997164895,0.7322611163670766,0.4050235478806907,0.5215633423180593;
1000,25,0.3,50,rtmdet_m_8xb32-300e_coco.py,0.021867745824520952,0.7386138613861386,0.39037153322867607,0.5107839780896953;
1000,25,0.3,50,rtmdet_s_8xb32-300e_coco.py,0.017808925404268153,0.8,0.3935112506541078,0.5275341985268327;
1000,25,0.3,50,rtmdet_tiny_8xb32-300e_coco.py,0.016826963424682616,0.7923930269413629,0.2616431187859759,0.3933910306845004;
1000,25,0.5,10,rtmdet_x_8xb32-300e_coco.py,0.0543883460409501,0.7290322580645161,0.4730507587650445,0.5737860996509044;
1000,25,0.5,10,rtmdet_l_8xb32-300e_coco.py,0.03427226306827924,0.738255033557047,0.40293040293040294,0.5213270142180095;
1000,25,0.5,10,rtmdet_m_8xb32-300e_coco.py,0.021765587481666595,0.7447236180904523,0.3877551020408163,0.509979353062629;
1000,25,0.5,10,rtmdet_s_8xb32-300e_coco.py,0.017810685026879405,0.8032258064516129,0.39089481946624804,0.5258711721224921;
1000,25,0.5,10,rtmdet_tiny_8xb32-300e_coco.py,0.016792439330707898,0.7933227344992051,0.261119832548404,0.39291338582677166;
1000,25,0.5,25,rtmdet_x_8xb32-300e_coco.py,0.054249555749051714,0.7238394964594808,0.48142333856619574,0.5782526712759272;
1000,25,0.5,25,rtmdet_l_8xb32-300e_coco.py,0.034221957658083384,0.7322611163670766,0.4050235478806907,0.5215633423180593;
1000,25,0.5,25,rtmdet_m_8xb32-300e_coco.py,0.021686349468731256,0.7386138613861386,0.39037153322867607,0.5107839780896953;
1000,25,0.5,25,rtmdet_s_8xb32-300e_coco.py,0.017530431934431486,0.8,0.3935112506541078,0.5275341985268327;
1000,25,0.5,25,rtmdet_tiny_8xb32-300e_coco.py,0.016806218840859154,0.7923930269413629,0.2616431187859759,0.3933910306845004;
1000,25,0.5,50,rtmdet_x_8xb32-300e_coco.py,0.05427667673896341,0.7238394964594808,0.48142333856619574,0.5782526712759272;
1000,25,0.5,50,rtmdet_l_8xb32-300e_coco.py,0.03432337382367549,0.7322611163670766,0.4050235478806907,0.5215633423180593;
1000,25,0.5,50,rtmdet_m_8xb32-300e_coco.py,0.021756447209847554,0.7386138613861386,0.39037153322867607,0.5107839780896953;
1000,25,0.5,50,rtmdet_s_8xb32-300e_coco.py,0.017557019813388003,0.8,0.3935112506541078,0.5275341985268327;
1000,25,0.5,50,rtmdet_tiny_8xb32-300e_coco.py,0.016621838916431774,0.7923930269413629,0.2616431187859759,0.3933910306845004;
2000,0,0.1,10,rtmdet_x_8xb32-300e_coco.py,0.05423300082866962,0.7085755813953488,0.5102040816326531,0.5932461210830545;
2000,0,0.1,10,rtmdet_l_8xb32-300e_coco.py,0.03436654108875203,0.7193605683836589,0.423861852433281,0.5334211392821864;
2000,0,0.1,10,rtmdet_m_8xb32-300e_coco.py,0.021842540200076886,0.7316849816849816,0.4181057038199895,0.5321345321345322;
2000,0,0.1,10,rtmdet_s_8xb32-300e_coco.py,0.01781096569327421,0.794383149448345,0.41444270015698587,0.5447042640990372;
2000,0,0.1,10,rtmdet_tiny_8xb32-300e_coco.py,0.01713548174926213,0.7868613138686131,0.28205128205128205,0.41525423728813554;
2000,0,0.1,25,rtmdet_x_8xb32-300e_coco.py,0.0541955822116726,0.7011019283746557,0.532705389848247,0.6054118346714243;
2000,0,0.1,25,rtmdet_l_8xb32-300e_coco.py,0.034146868507817105,0.7129228100607112,0.4301412872841444,0.5365535248041775;
2000,0,0.1,25,rtmdet_m_8xb32-300e_coco.py,0.021773639899581226,0.7191111111111111,0.42333856619570903,0.5329380764163373;
2000,0,0.1,25,rtmdet_s_8xb32-300e_coco.py,0.017751576364502426,0.7927308447937131,0.42229199372056514,0.5510413110276544;
2000,0,0.1,25,rtmdet_tiny_8xb32-300e_coco.py,0.017042134489331926,0.7851959361393324,0.28309785452642594,0.41615384615384615;
2000,0,0.1,50,rtmdet_x_8xb32-300e_coco.py,0.05416535545181442,0.7011019283746557,0.532705389848247,0.6054118346714243;
2000,0,0.1,50,rtmdet_l_8xb32-300e_coco.py,0.03425954782737876,0.7129228100607112,0.4301412872841444,0.5365535248041775;
2000,0,0.1,50,rtmdet_m_8xb32-300e_coco.py,0.02177252075565395,0.7191111111111111,0.42333856619570903,0.5329380764163373;
2000,0,0.1,50,rtmdet_s_8xb32-300e_coco.py,0.01761092880899592,0.7927308447937131,0.42229199372056514,0.5510413110276544;
2000,0,0.1,50,rtmdet_tiny_8xb32-300e_coco.py,0.016919435134955814,0.7851959361393324,0.28309785452642594,0.41615384615384615;
2000,0,0.3,10,rtmdet_x_8xb32-300e_coco.py,0.05427768728235266,0.7085755813953488,0.5102040816326531,0.5932461210830545;
2000,0,0.3,10,rtmdet_l_8xb32-300e_coco.py,0.03417242518011129,0.7193605683836589,0.423861852433281,0.5334211392821864;
2000,0,0.3,10,rtmdet_m_8xb32-300e_coco.py,0.02174362495763978,0.7316849816849816,0.4181057038199895,0.5321345321345322;
2000,0,0.3,10,rtmdet_s_8xb32-300e_coco.py,0.01761161449343659,0.794383149448345,0.41444270015698587,0.5447042640990372;
2000,0,0.3,10,rtmdet_tiny_8xb32-300e_coco.py,0.016793274453708103,0.7868613138686131,0.28205128205128205,0.41525423728813554;
2000,0,0.3,25,rtmdet_x_8xb32-300e_coco.py,0.054298208746717966,0.7011019283746557,0.532705389848247,0.6054118346714243;
2000,0,0.3,25,rtmdet_l_8xb32-300e_coco.py,0.03463876112452093,0.7129228100607112,0.4301412872841444,0.5365535248041775;
2000,0,0.3,25,rtmdet_m_8xb32-300e_coco.py,0.02183851288325751,0.7191111111111111,0.42333856619570903,0.5329380764163373;
2000,0,0.3,25,rtmdet_s_8xb32-300e_coco.py,0.017668752707252208,0.7927308447937131,0.42229199372056514,0.5510413110276544;
2000,0,0.3,25,rtmdet_tiny_8xb32-300e_coco.py,0.016916678420134952,0.7851959361393324,0.28309785452642594,0.41615384615384615;
2000,0,0.3,50,rtmdet_x_8xb32-300e_coco.py,0.05424379778432322,0.7011019283746557,0.532705389848247,0.6054118346714243;
2000,0,0.3,50,rtmdet_l_8xb32-300e_coco.py,0.03437976117404002,0.7129228100607112,0.4301412872841444,0.5365535248041775;
2000,0,0.3,50,rtmdet_m_8xb32-300e_coco.py,0.021558056126779586,0.7191111111111111,0.42333856619570903,0.5329380764163373;
2000,0,0.3,50,rtmdet_s_8xb32-300e_coco.py,0.017639252566551977,0.7927308447937131,0.42229199372056514,0.5510413110276544;
2000,0,0.3,50,rtmdet_tiny_8xb32-300e_coco.py,0.016682255480970656,0.7851959361393324,0.28309785452642594,0.41615384615384615;
2000,0,0.5,10,rtmdet_x_8xb32-300e_coco.py,0.05405929062392686,0.7085755813953488,0.5102040816326531,0.5932461210830545;
2000,0,0.5,10,rtmdet_l_8xb32-300e_coco.py,0.03405776653649672,0.7193605683836589,0.423861852433281,0.5334211392821864;
2000,0,0.5,10,rtmdet_m_8xb32-300e_coco.py,0.021496128680101083,0.7316849816849816,0.4181057038199895,0.5321345321345322;
2000,0,0.5,10,rtmdet_s_8xb32-300e_coco.py,0.017326592474944832,0.794383149448345,0.41444270015698587,0.5447042640990372;
2000,0,0.5,10,rtmdet_tiny_8xb32-300e_coco.py,0.01652528771332332,0.7868613138686131,0.28205128205128205,0.41525423728813554;
2000,0,0.5,25,rtmdet_x_8xb32-300e_coco.py,0.05411215666886214,0.7011019283746557,0.532705389848247,0.6054118346714243;
2000,0,0.5,25,rtmdet_l_8xb32-300e_coco.py,0.03403583472629763,0.7129228100607112,0.4301412872841444,0.5365535248041775;
2000,0,0.5,25,rtmdet_m_8xb32-300e_coco.py,0.021554194279571077,0.7191111111111111,0.42333856619570903,0.5329380764163373;
2000,0,0.5,25,rtmdet_s_8xb32-300e_coco.py,0.01735278987145239,0.7927308447937131,0.42229199372056514,0.5510413110276544;
2000,0,0.5,25,rtmdet_tiny_8xb32-300e_coco.py,0.016467774552958354,0.7851959361393324,0.28309785452642594,0.41615384615384615;
2000,0,0.5,50,rtmdet_x_8xb32-300e_coco.py,0.05404250089065496,0.7011019283746557,0.532705389848247,0.6054118346714243;
2000,0,0.5,50,rtmdet_l_8xb32-300e_coco.py,0.03405943996501419,0.7129228100607112,0.4301412872841444,0.5365535248041775;
2000,0,0.5,50,rtmdet_m_8xb32-300e_coco.py,0.021477077434312052,0.7191111111111111,0.42333856619570903,0.5329380764163373;
2000,0,0.5,50,rtmdet_s_8xb32-300e_coco.py,0.0175188095994698,0.7927308447937131,0.42229199372056514,0.5510413110276544;
2000,0,0.5,50,rtmdet_tiny_8xb32-300e_coco.py,0.016871213912963867,0.7851959361393324,0.28309785452642594,0.41615384615384615;
2000,10,0.1,10,rtmdet_x_8xb32-300e_coco.py,0.05436517118097662,0.7106413994169096,0.5102040816326531,0.5939689308559245;
2000,10,0.1,10,rtmdet_l_8xb32-300e_coco.py,0.03432367522761507,0.7193605683836589,0.423861852433281,0.5334211392821864;
2000,10,0.1,10,rtmdet_m_8xb32-300e_coco.py,0.021842283099444946,0.7316849816849816,0.4181057038199895,0.5321345321345322;
2000,10,0.1,10,rtmdet_s_8xb32-300e_coco.py,0.01767440544542416,0.794383149448345,0.41444270015698587,0.5447042640990372;
2000,10,0.1,10,rtmdet_tiny_8xb32-300e_coco.py,0.01680321459259306,0.7868613138686131,0.28205128205128205,0.41525423728813554;
2000,10,0.1,25,rtmdet_x_8xb32-300e_coco.py,0.0545177739181798,0.7030386740331491,0.532705389848247,0.6061327776123846;
2000,10,0.1,25,rtmdet_l_8xb32-300e_coco.py,0.03463897885016675,0.7129228100607112,0.4301412872841444,0.5365535248041775;
2000,10,0.1,25,rtmdet_m_8xb32-300e_coco.py,0.02199127602933058,0.7197508896797153,0.42333856619570903,0.5331136738056014;
2000,10,0.1,25,rtmdet_s_8xb32-300e_coco.py,0.01797814609468445,0.7927308447937131,0.42229199372056514,0.5510413110276544;
2000,10,0.1,25,rtmdet_tiny_8xb32-300e_coco.py,0.0171316351209368,0.7851959361393324,0.28309785452642594,0.41615384615384615;
2000,10,0.1,50,rtmdet_x_8xb32-300e_coco.py,0.05434404799353072,0.7030386740331491,0.532705389848247,0.6061327776123846;
2000,10,0.1,50,rtmdet_l_8xb32-300e_coco.py,0.03441720908542849,0.7129228100607112,0.4301412872841444,0.5365535248041775;
2000,10,0.1,50,rtmdet_m_8xb32-300e_coco.py,0.02202660557049424,0.7197508896797153,0.42333856619570903,0.5331136738056014;
2000,10,0.1,50,rtmdet_s_8xb32-300e_coco.py,0.017926397249680155,0.7927308447937131,0.42229199372056514,0.5510413110276544;
2000,10,0.1,50,rtmdet_tiny_8xb32-300e_coco.py,0.017099667872701372,0.7851959361393324,0.28309785452642594,0.41615384615384615;
2000,10,0.3,10,rtmdet_x_8xb32-300e_coco.py,0.05429398882520068,0.7106413994169096,0.5102040816326531,0.5939689308559245;
2000,10,0.3,10,rtmdet_l_8xb32-300e_coco.py,0.03428133118827388,0.7193605683836589,0.423861852433281,0.5334211392821864;
2000,10,0.3,10,rtmdet_m_8xb32-300e_coco.py,0.02184976214793191,0.7316849816849816,0.4181057038199895,0.5321345321345322;
2000,10,0.3,10,rtmdet_s_8xb32-300e_coco.py,0.017991943876872692,0.794383149448345,0.41444270015698587,0.5447042640990372;
2000,10,0.3,10,rtmdet_tiny_8xb32-300e_coco.py,0.016715974680015018,0.7868613138686131,0.28205128205128205,0.41525423728813554;
2000,10,0.3,25,rtmdet_x_8xb32-300e_coco.py,0.054277499516805015,0.7030386740331491,0.532705389848247,0.6061327776123846;
2000,10,0.3,25,rtmdet_l_8xb32-300e_coco.py,0.034130069444764335,0.7129228100607112,0.4301412872841444,0.5365535248041775;
2000,10,0.3,25,rtmdet_m_8xb32-300e_coco.py,0.02165814744892405,0.7197508896797153,0.42333856619570903,0.5331136738056014;
2000,10,0.3,25,rtmdet_s_8xb32-300e_coco.py,0.01774875785029212,0.7927308447937131,0.42229199372056514,0.5510413110276544;
2000,10,0.3,25,rtmdet_tiny_8xb32-300e_coco.py,0.017151060913290297,0.7851959361393324,0.28309785452642594,0.41615384615384615;
2000,10,0.3,50,rtmdet_x_8xb32-300e_coco.py,0.054334907741337035,0.7030386740331491,0.532705389848247,0.6061327776123846;
2000,10,0.3,50,rtmdet_l_8xb32-300e_coco.py,0.03461581805966935,0.7129228100607112,0.4301412872841444,0.5365535248041775;
2000,10,0.3,50,rtmdet_m_8xb32-300e_coco.py,0.021607139217319774,0.7197508896797153,0.42333856619570903,0.5331136738056014;
2000,10,0.3,50,rtmdet_s_8xb32-300e_coco.py,0.01757389260816944,0.7927308447937131,0.42229199372056514,0.5510413110276544;
2000,10,0.3,50,rtmdet_tiny_8xb32-300e_coco.py,0.01701339547123228,0.7851959361393324,0.28309785452642594,0.41615384615384615;
2000,10,0.5,10,rtmdet_x_8xb32-300e_coco.py,0.05414415017152444,0.7106413994169096,0.5102040816326531,0.5939689308559245;
2000,10,0.5,10,rtmdet_l_8xb32-300e_coco.py,0.03404713576694705,0.7193605683836589,0.423861852433281,0.5334211392821864;
2000,10,0.5,10,rtmdet_m_8xb32-300e_coco.py,0.0215557448899568,0.7316849816849816,0.4181057038199895,0.5321345321345322;
2000,10,0.5,10,rtmdet_s_8xb32-300e_coco.py,0.017590739006219908,0.794383149448345,0.41444270015698587,0.5447042640990372;
2000,10,0.5,10,rtmdet_tiny_8xb32-300e_coco.py,0.016570083796977997,0.7868613138686131,0.28205128205128205,0.41525423728813554;
2000,10,0.5,25,rtmdet_x_8xb32-300e_coco.py,0.05413081445100107,0.7030386740331491,0.532705389848247,0.6061327776123846;
2000,10,0.5,25,rtmdet_l_8xb32-300e_coco.py,0.03407079048876493,0.7129228100607112,0.4301412872841444,0.5365535248041775;
2000,10,0.5,25,rtmdet_m_8xb32-300e_coco.py,0.021699613599634883,0.7197508896797153,0.42333856619570903,0.5331136738056014;
2000,10,0.5,25,rtmdet_s_8xb32-300e_coco.py,0.01785340235214825,0.7927308447937131,0.42229199372056514,0.5510413110276544;
2000,10,0.5,25,rtmdet_tiny_8xb32-300e_coco.py,0.016867483300822123,0.7851959361393324,0.28309785452642594,0.41615384615384615;
2000,10,0.5,50,rtmdet_x_8xb32-300e_coco.py,0.054089529610378835,0.7030386740331491,0.532705389848247,0.6061327776123846;
2000,10,0.5,50,rtmdet_l_8xb32-300e_coco.py,0.03408072849489608,0.7129228100607112,0.4301412872841444,0.5365535248041775;
2000,10,0.5,50,rtmdet_m_8xb32-300e_coco.py,0.021470861648445697,0.7197508896797153,0.42333856619570903,0.5331136738056014;
2000,10,0.5,50,rtmdet_s_8xb32-300e_coco.py,0.01765135831611101,0.7927308447937131,0.42229199372056514,0.5510413110276544;
2000,10,0.5,50,rtmdet_tiny_8xb32-300e_coco.py,0.016577606754643575,0.7851959361393324,0.28309785452642594,0.41615384615384615;
2000,25,0.1,10,rtmdet_x_8xb32-300e_coco.py,0.05440653334645664,0.7290322580645161,0.4730507587650445,0.5737860996509044;
2000,25,0.1,10,rtmdet_l_8xb32-300e_coco.py,0.034541064546308446,0.738255033557047,0.40293040293040294,0.5213270142180095;
2000,25,0.1,10,rtmdet_m_8xb32-300e_coco.py,0.021979816843954364,0.7447236180904523,0.3877551020408163,0.509979353062629;
2000,25,0.1,10,rtmdet_s_8xb32-300e_coco.py,0.017815949870090858,0.8032258064516129,0.39089481946624804,0.5258711721224921;
2000,25,0.1,10,rtmdet_tiny_8xb32-300e_coco.py,0.0172003605149009,0.7933227344992051,0.261119832548404,0.39291338582677166;
2000,25,0.1,25,rtmdet_x_8xb32-300e_coco.py,0.05444372927441316,0.7238394964594808,0.48142333856619574,0.5782526712759272;
2000,25,0.1,25,rtmdet_l_8xb32-300e_coco.py,0.03448706546812567,0.7322611163670766,0.4050235478806907,0.5215633423180593;
2000,25,0.1,25,rtmdet_m_8xb32-300e_coco.py,0.021954384635896718,0.7386138613861386,0.39037153322867607,0.5107839780896953;
2000,25,0.1,25,rtmdet_s_8xb32-300e_coco.py,0.017820963205075733,0.8,0.3935112506541078,0.5275341985268327;
2000,25,0.1,25,rtmdet_tiny_8xb32-300e_coco.py,0.016983421282334762,0.7923930269413629,0.2616431187859759,0.3933910306845004;
2000,25,0.1,50,rtmdet_x_8xb32-300e_coco.py,0.05441905821070952,0.7238394964594808,0.48142333856619574,0.5782526712759272;
2000,25,0.1,50,rtmdet_l_8xb32-300e_coco.py,0.03447173569948619,0.7322611163670766,0.4050235478806907,0.5215633423180593;
2000,25,0.1,50,rtmdet_m_8xb32-300e_coco.py,0.022072745619641707,0.7386138613861386,0.39037153322867607,0.5107839780896953;
2000,25,0.1,50,rtmdet_s_8xb32-300e_coco.py,0.01821892308253868,0.8,0.3935112506541078,0.5275341985268327;
2000,25,0.1,50,rtmdet_tiny_8xb32-300e_coco.py,0.01749762405048717,0.7923930269413629,0.2616431187859759,0.3933910306845004;
2000,25,0.3,10,rtmdet_x_8xb32-300e_coco.py,0.05438827942399418,0.7290322580645161,0.4730507587650445,0.5737860996509044;
2000,25,0.3,10,rtmdet_l_8xb32-300e_coco.py,0.03431490359415535,0.738255033557047,0.40293040293040294,0.5213270142180095;
2000,25,0.3,10,rtmdet_m_8xb32-300e_coco.py,0.021779251455814205,0.7447236180904523,0.3877551020408163,0.509979353062629;
2000,25,0.3,10,rtmdet_s_8xb32-300e_coco.py,0.018024497873642867,0.8032258064516129,0.39089481946624804,0.5258711721224921;
2000,25,0.3,10,rtmdet_tiny_8xb32-300e_coco.py,0.016983965310183438,0.7933227344992051,0.261119832548404,0.39291338582677166;
2000,25,0.3,25,rtmdet_x_8xb32-300e_coco.py,0.05444530090864967,0.7238394964594808,0.48142333856619574,0.5782526712759272;
2000,25,0.3,25,rtmdet_l_8xb32-300e_coco.py,0.0342509145955093,0.7322611163670766,0.4050235478806907,0.5215633423180593;
2000,25,0.3,25,rtmdet_m_8xb32-300e_coco.py,0.021775618921058455,0.7386138613861386,0.39037153322867607,0.5107839780896953;
2000,25,0.3,25,rtmdet_s_8xb32-300e_coco.py,0.017731347738527786,0.8,0.3935112506541078,0.5275341985268327;
2000,25,0.3,25,rtmdet_tiny_8xb32-300e_coco.py,0.016869921034032648,0.7923930269413629,0.2616431187859759,0.3933910306845004;
2000,25,0.3,50,rtmdet_x_8xb32-300e_coco.py,0.05424978715531966,0.7238394964594808,0.48142333856619574,0.5782526712759272;
2000,25,0.3,50,rtmdet_l_8xb32-300e_coco.py,0.0343073251593204,0.7322611163670766,0.4050235478806907,0.5215633423180593;
2000,25,0.3,50,rtmdet_m_8xb32-300e_coco.py,0.02187854609685891,0.7386138613861386,0.39037153322867607,0.5107839780896953;
2000,25,0.3,50,rtmdet_s_8xb32-300e_coco.py,0.01777039322198606,0.8,0.3935112506541078,0.5275341985268327;
2000,25,0.3,50,rtmdet_tiny_8xb32-300e_coco.py,0.01686622988093983,0.7923930269413629,0.2616431187859759,0.3933910306845004;
2000,25,0.5,10,rtmdet_x_8xb32-300e_coco.py,0.054271982873187345,0.7290322580645161,0.4730507587650445,0.5737860996509044;
2000,25,0.5,10,rtmdet_l_8xb32-300e_coco.py,0.03460978642674803,0.738255033557047,0.40293040293040294,0.5213270142180095;
2000,25,0.5,10,rtmdet_m_8xb32-300e_coco.py,0.021617355418115967,0.7447236180904523,0.3877551020408163,0.509979353062629;
2000,25,0.5,10,rtmdet_s_8xb32-300e_coco.py,0.017863866394641353,0.8032258064516129,0.39089481946624804,0.5258711721224921;
2000,25,0.5,10,rtmdet_tiny_8xb32-300e_coco.py,0.01658964373848655,0.7933227344992051,0.261119832548404,0.39291338582677166;
2000,25,0.5,25,rtmdet_x_8xb32-300e_coco.py,0.05440037566072801,0.7238394964594808,0.48142333856619574,0.5782526712759272;
2000,25,0.5,25,rtmdet_l_8xb32-300e_coco.py,0.03428824166305192,0.7322611163670766,0.4050235478806907,0.5215633423180593;
2000,25,0.5,25,rtmdet_m_8xb32-300e_coco.py,0.021831050794222828,0.7386138613861386,0.39037153322867607,0.5107839780896953;
2000,25,0.5,25,rtmdet_s_8xb32-300e_coco.py,0.01808161455042222,0.8,0.3935112506541078,0.5275341985268327;
2000,25,0.5,25,rtmdet_tiny_8xb32-300e_coco.py,0.017028468305414372,0.7923930269413629,0.2616431187859759,0.3933910306845004;
2000,25,0.5,50,rtmdet_x_8xb32-300e_coco.py,0.0543522983789444,0.7238394964594808,0.48142333856619574,0.5782526712759272;
2000,25,0.5,50,rtmdet_l_8xb32-300e_coco.py,0.03415397378324552,0.7322611163670766,0.4050235478806907,0.5215633423180593;
2000,25,0.5,50,rtmdet_m_8xb32-300e_coco.py,0.02178336082772816,0.7386138613861386,0.39037153322867607,0.5107839780896953;
2000,25,0.5,50,rtmdet_s_8xb32-300e_coco.py,0.01785556942808862,0.8,0.3935112506541078,0.5275341985268327;
2000,25,0.5,50,rtmdet_tiny_8xb32-300e_coco.py,0.01692247065630826,0.7923930269413629,0.2616431187859759,0.3933910306845004;
